# k [1/Mpc], Window(k) [Mpc]
9.999999999999999547e-08 5.452802177762586413e-24
1.042317000000000002e-07 6.122586715894958828e-24
1.086425999999999937e-07 6.874826703601864456e-24
1.132400000000000002e-07 7.719696256659936034e-24
1.180320999999999998e-07 8.668627833218851555e-24
1.230268999999999884e-07 9.734466132907357935e-24
1.282330999999999997e-07 1.093164661180500804e-23
1.336595999999999986e-07 1.227639050242458727e-23
1.393156999999999986e-07 1.378692615455981169e-23
1.452112000000000000e-07 1.548373991782404132e-23
1.513560999999999877e-07 1.738985495561312953e-23
1.577610999999999978e-07 1.953114462774770314e-23
1.644371999999999896e-07 2.193668832280218706e-23
1.713957000000000053e-07 2.463917129176990455e-23
1.786487999999999897e-07 2.767533035839000774e-23
1.862086999999999937e-07 3.108645423317234312e-23
1.940885999999999900e-07 3.491895054391064549e-23
2.023018999999999886e-07 3.922499233005744363e-23
2.108627999999999895e-07 4.406321663663044172e-23
2.197860000000000068e-07 4.949954307758083137e-23
2.290868000000000076e-07 5.560806914262228401e-23
2.387810999999999914e-07 6.247209977514593990e-23
2.488857000000000195e-07 7.018528841711093641e-23
2.594178999999999820e-07 7.885290808367935231e-23
2.703957999999999972e-07 8.859331753622879851e-23
2.818383000000000151e-07 9.953960164592051827e-23
2.937649999999999839e-07 1.118413692809478973e-22
3.061963000000000007e-07 1.256668496089382563e-22
3.191538000000000160e-07 1.412051791163162869e-22
3.326595999999999939e-07 1.586690346529895676e-22
3.467369000000000242e-07 1.782975548602401918e-22
3.614099000000000128e-07 2.003596494029644673e-22
3.767037999999999986e-07 2.251576942199584537e-22
3.926448999999999877e-07 2.530317207226737453e-22
4.092606999999999981e-07 2.843641388666111217e-22
4.265794999999999851e-07 3.195849394025455229e-22
4.446312999999999827e-07 3.591777832726927382e-22
4.634469000000000152e-07 4.036865399493695603e-22
4.830588000000000268e-07 4.537229234670260992e-22
5.035005999999999816e-07 5.099749695146467718e-22
5.248075000000000359e-07 5.732164479459994268e-22
5.470160000000000326e-07 6.443177273222825018e-22
5.701643000000000520e-07 7.242578175912021909e-22
5.942922000000000493e-07 8.141378173620578194e-22
6.194410999999999602e-07 9.151964821440600597e-22
6.456542000000000032e-07 1.028827123205138529e-21
6.729767000000000284e-07 1.156597121676805197e-21
7.014553000000000330e-07 1.300269852656732943e-21
7.311391000000000384e-07 1.461828867593258573e-21
7.620790000000000307e-07 1.643505697084233312e-21
7.943281999999999752e-07 1.847811011946536536e-21
8.279422000000000272e-07 2.077569603757997243e-21
8.629784999999999742e-07 2.335959232933203848e-21
8.994976000000000037e-07 2.626555300887388813e-21
9.375620000000000411e-07 2.953381199252367701e-21
9.772371999999999886e-07 3.320964066066011942e-21
1.018591000000000045e-06 3.734396656719451495e-21
1.061696000000000033e-06 4.199411391250743513e-21
1.106623999999999944e-06 4.722456845151239583e-21
1.153453000000000025e-06 5.310791516117447888e-21
1.202263999999999972e-06 5.972582782482880954e-21
1.253140999999999985e-06 6.717021587465774175e-21
1.306170999999999924e-06 7.554452504972730670e-21
1.361444999999999973e-06 8.496516071100148377e-21
1.419058000000000000e-06 9.556314478443449485e-21
1.479107999999999959e-06 1.074859263725011827e-20
1.541699999999999995e-06 1.208994891173782207e-20
1.606941000000000095e-06 1.359906309084851280e-20
1.674942999999999965e-06 1.529696140345428113e-20
1.745822000000000054e-06 1.720731041852951714e-20
1.819700999999999944e-06 1.935675109478615128e-20
1.896705999999999938e-06 2.177527345115656418e-20
1.976969999999999895e-06 2.449663451950306142e-20
2.060630000000000208e-06 2.755883521537207528e-20
2.147829999999999983e-06 3.100466215214533195e-20
2.238721000000000211e-06 3.488226953017118253e-20
2.333457999999999877e-06 3.924588977435360002e-20
2.432203999999999880e-06 4.415656110250895393e-20
2.535128999999999830e-06 4.968301941917806918e-20
2.642408999999999928e-06 5.590265172578658586e-20
2.754228999999999986e-06 6.290258030744377022e-20
2.870780999999999798e-06 7.078091436152767518e-20
2.992264999999999802e-06 7.964812122165707878e-20
3.118890000000000051e-06 8.962858636099027684e-20
3.250872999999999969e-06 1.008623854834717656e-19
3.388441999999999922e-06 1.135072417801587426e-19
3.531831999999999832e-06 1.277407826135187050e-19
3.681289999999999952e-06 1.437630309785327347e-19
3.837072000000000148e-06 1.617992633676989311e-19
3.999446999999999589e-06 1.821031653361681590e-19
4.168693999999999834e-06 2.049604696975772332e-19
4.345101999999999755e-06 2.306929987151979804e-19
4.528976000000000360e-06 2.596631727044678367e-19
4.720629999999999728e-06 2.922792211030898548e-19
4.920395000000000008e-06 3.290009640536649464e-19
5.128614000000000293e-06 3.703463665168286457e-19
5.345643999999999636e-06 4.168988363205443066e-19
5.571856999999999837e-06 4.693154524119261421e-19
5.807643999999999617e-06 5.283366813430679517e-19
6.053408999999999965e-06 5.947963371917913915e-19
6.309573000000000008e-06 6.696339360430584360e-19
6.576577999999999665e-06 7.539079502148770822e-19
6.854882000000000144e-06 8.488106502316067332e-19
7.144962999999999815e-06 9.556854595041281848e-19
7.447320000000000383e-06 1.076045894426424362e-18
7.762470999999999629e-06 1.211597207516778568e-18
8.090959000000000473e-06 1.364260865492004309e-18
8.433348000000000694e-06 1.536201532210195324e-18
8.790224999999999344e-06 1.729858697389454957e-18
9.162205000000000482e-06 1.947981084743699740e-18
9.549925999999999272e-06 2.193665939849306445e-18
9.954053999999999276e-06 2.470403638332970653e-18
1.037528000000000072e-05 2.782127201979543194e-18
1.081434000000000021e-05 3.133269315045942044e-18
1.127196999999999942e-05 3.528824646581104836e-18
1.174898000000000080e-05 3.974423734262708517e-18
1.224616000000000033e-05 4.476409872898139354e-18
1.276439000000000028e-05 5.041934420510679162e-18
1.330454000000000052e-05 5.679056510248221188e-18
1.386755999999999975e-05 6.396860425582459313e-18
1.445440000000000005e-05 7.205584637688605411e-18
1.506606999999999922e-05 8.116769314490062909e-18
1.570362999999999859e-05 9.143423168211747239e-18
1.636817000000000155e-05 1.030021164236824501e-17
1.706081999999999906e-05 1.160366257158138793e-17
1.778279000000000123e-05 1.307241152142853099e-17
1.853531999999999993e-05 1.472746417812335360e-17
1.931967999999999931e-05 1.659250311497984673e-17
2.013724000000000034e-05 1.869422476095569421e-17
2.098939999999999931e-05 2.106273302283313102e-17
2.187762000000000010e-05 2.373196029110614229e-17
2.280342000000000062e-05 2.674016963795218091e-17
2.376840000000000100e-05 3.013050234185048263e-17
2.477421999999999876e-05 3.395159896022362034e-17
2.582259999999999905e-05 3.825830731295486808e-17
2.691534999999999972e-05 4.311247245475062216e-17
2.805433999999999947e-05 4.858383564131045575e-17
2.924151999999999917e-05 5.475102960401270737e-17
3.047895000000000064e-05 6.170273794529611446e-17
3.176874000000000240e-05 6.953896842997742762e-17
3.311311000000000050e-05 7.837249540411051439e-17
3.451437000000000070e-05 8.833052738491336728e-17
3.597493000000000218e-05 9.955649058654618669e-17
3.749729999999999757e-05 1.122121848688351399e-16
3.908409000000000004e-05 1.264800748050594270e-16
4.073802999999999729e-05 1.425659688017499197e-16
4.246195999999999825e-05 1.607019982534131086e-16
4.425883999999999992e-05 1.811499937173740158e-16
4.613176000000000163e-05 2.042053188541822209e-16
4.808392999999999755e-05 2.302011212667387594e-16
5.011871999999999980e-05 2.595132132172144021e-16
5.223962000000000180e-05 2.925655098455054463e-16
5.445027000000000070e-05 3.298363219230674376e-16
5.675445999999999735e-05 3.718651622752783271e-16
5.915615999999999843e-05 4.192606749607839097e-16
6.165949999999999469e-05 4.727096559368418499e-16
6.426877000000000165e-05 5.329867490991642360e-16
6.698845999999999458e-05 6.009662187140097710e-16
6.982324000000000202e-05 6.776342477443878788e-16
7.277797999999999874e-05 7.641036977075376254e-16
7.585776000000000129e-05 8.616301403169840678e-16
7.906785999999999958e-05 9.716304679796407305e-16
8.241381000000000097e-05 1.095703500017202292e-15
8.590135000000000045e-05 1.235653243940017344e-15
8.953647999999999761e-05 1.393515617344471351e-15
9.332542999999999460e-05 1.571588073876783867e-15
9.727472000000000028e-05 1.772463314490586569e-15
1.013910999999999990e-04 1.999067437060262927e-15
1.056817999999999950e-04 2.254702788897019046e-15
1.101538999999999958e-04 2.543096182993169553e-15
1.148154000000000053e-04 2.868454607042722436e-15
1.196740999999999999e-04 3.235525028896292527e-15
1.247383999999999982e-04 3.649666999746463801e-15
1.300170000000000123e-04 4.116929449970836330e-15
1.355189000000000079e-04 4.644138862764101533e-15
1.412538000000000129e-04 5.239002912818445004e-15
1.472312999999999942e-04 5.910221202791841657e-15
1.534616999999999947e-04 6.667614516634949985e-15
1.599558000000000110e-04 7.522269774056815712e-15
1.667247000000000065e-04 8.486702105757360157e-15
1.737801000000000135e-04 9.575041596243343384e-15
1.811340000000000042e-04 1.080324073981551133e-14
1.887990999999999996e-04 1.218930945910538535e-14
1.967886000000000017e-04 1.375358124991786095e-14
2.051161999999999929e-04 1.551901407364612355e-14
2.137961999999999979e-04 1.751153142781635702e-14
2.228435000000000019e-04 1.976040322035909185e-14
2.322737000000000120e-04 2.229867782234715316e-14
2.421028999999999889e-04 2.516367370214666235e-14
2.523480999999999836e-04 2.839753794076119627e-14
2.630267999999999734e-04 3.204785413874160706e-14
2.741573999999999986e-04 3.616836491752619825e-14
2.857590999999999929e-04 4.081976307364849739e-14
2.978516000000000063e-04 4.607058420114072611e-14
3.104560000000000240e-04 5.199823633436750603e-14
3.235937000000000253e-04 5.869013832476985761e-14
3.372873000000000190e-04 6.624503146879456541e-14
3.515603999999999756e-04 7.477444124368440486e-14
3.664375999999999896e-04 8.440431610386650505e-14
3.819442999999999948e-04 9.527694271063847435e-14
3.981071999999999888e-04 1.075530261090251251e-13
4.149539999999999848e-04 1.214140835089840500e-13
4.325137999999999856e-04 1.370651861478275722e-13
4.508167000000000099e-04 1.547379754030115652e-13
4.698940999999999773e-04 1.746941313144540735e-13
4.897788000000000141e-04 1.972292635897587957e-13
5.105049999999999649e-04 2.226773423020044068e-13
5.321082999999999889e-04 2.514157003870724072e-13
5.546257000000000183e-04 2.838705764275885897e-13
5.780959999999999484e-04 3.205235891107523706e-13
6.025596000000000034e-04 3.619189331576198319e-13
6.280584000000000514e-04 4.086713419369674011e-13
6.546361999999999581e-04 4.614756074270514117e-13
6.823387000000000202e-04 5.211166501500572372e-13
7.112134999999999898e-04 5.884814610907443142e-13
7.413101999999999756e-04 6.645723231086258757e-13
7.726805999999999692e-04 7.505218901098276309e-13
8.053783999999999596e-04 8.476100305040126152e-13
8.394599999999999892e-04 9.572832705202745584e-13
8.749838000000000234e-04 1.081176148402147007e-12
9.120108000000000468e-04 1.221136188355073326e-12
9.506048000000000232e-04 1.379251053244092104e-12
9.908319000000000501e-04 1.557880724886138504e-12
1.032761000000000096e-03 1.759692100724609760e-12
1.076464999999999974e-03 1.987699777293964874e-12
1.122018000000000017e-03 2.245310826753479842e-12
1.169499000000000059e-03 2.536377153635414478e-12
1.218990000000000091e-03 2.865251357484423993e-12
1.270574000000000009e-03 3.236854958187707864e-12
1.324342000000000054e-03 3.656750687730656302e-12
1.380383999999999908e-03 4.131226938160601267e-12
1.438798999999999937e-03 4.667392053415693240e-12
1.499684999999999950e-03 5.273283830381606884e-12
1.563148000000000098e-03 5.957987227267884634e-12
1.629295999999999913e-03 6.731774206804197587e-12
1.698244000000000012e-03 7.606257959026949295e-12
1.770108999999999962e-03 8.594569149987943393e-12
1.845014999999999980e-03 9.711553262444368083e-12
1.923091999999999944e-03 1.097399642569587321e-11
2.004472000000000198e-03 1.240087779086874828e-11
2.089296000000000035e-03 1.401365945574339729e-11
2.177709999999999802e-03 1.583660742408581602e-11
2.269864999999999817e-03 1.789716394323754031e-11
2.365920000000000089e-03 2.022636029870707796e-11
2.466039000000000165e-03 2.285928678036001262e-11
2.570395999999999966e-03 2.583562801664294936e-11
2.679168000000000001e-03 2.920026451912775113e-11
2.792544000000000103e-03 3.300394826611087920e-11
2.910717000000000165e-03 3.730408352175128119e-11
3.033890999999999932e-03 4.216558357205099347e-11
3.162278000000000137e-03 4.766188145261975743e-11
3.296097000000000003e-03 5.387602219361462787e-11
3.435578999999999803e-03 6.090193018943036418e-11
3.580963999999999849e-03 6.884585405507324353e-11
3.732501999999999955e-03 7.782795772217230307e-11
3.890451000000000065e-03 8.798418314461480442e-11
4.055084999999999940e-03 9.946828526522675741e-11
4.226686000000000332e-03 1.124541851655852887e-10
4.405548999999999923e-03 1.271386458633134382e-10
4.591979999999999847e-03 1.437442241522766046e-10
4.786300999999999750e-03 1.625227022434002157e-10
4.988845000000000432e-03 1.837589063275351617e-10
5.199959999999999999e-03 2.077750694364038657e-10
5.420008999999999938e-03 2.349357078613475681e-10
5.649369999999999913e-03 2.656532181688607453e-10
5.888436999999999838e-03 3.003942127761315853e-10
6.137619999999999881e-03 3.396865053985856481e-10
6.397347999999999750e-03 3.841272721835771995e-10
6.668068000000000085e-03 4.343921840683208333e-10
6.950243000000000046e-03 4.912456812889267090e-10
7.244360000000000036e-03 5.555525970508128553e-10
7.550921999999999842e-03 6.282915013073156047e-10
7.870458000000000315e-03 7.105694974632840820e-10
8.203514999999999766e-03 8.036392023160901863e-10
8.550666999999999643e-03 9.089177764612397960e-10
8.912509000000000750e-03 1.028008760964345054e-09
9.289663999999999561e-03 1.162726279239625336e-09
9.682779000000000733e-03 1.315123005570406742e-09
1.009253000000000060e-02 1.487521081958193661e-09
1.051962000000000036e-02 1.682547965875499415e-09
1.096478000000000036e-02 1.903176129648414702e-09
1.142877999999999949e-02 2.152768644980078455e-09
1.191241999999999995e-02 2.435129952391462728e-09
1.241652000000000033e-02 2.754564058792036243e-09
1.294196000000000062e-02 3.115939894056868459e-09
1.348963000000000072e-02 3.524765124172922078e-09
1.406048000000000020e-02 3.987270401580949512e-09
1.465548000000000024e-02 4.510501702077669053e-09
1.527565999999999993e-02 5.102430449660613447e-09
1.592208999999999985e-02 5.772070143976047625e-09
1.659586999999999868e-02 6.529614609582085004e-09
1.729815999999999993e-02 7.386592495568462791e-09
1.803017999999999982e-02 8.356036312870305483e-09
1.879317000000000140e-02 9.452683540132538866e-09
1.958845000000000031e-02 1.069319207877144708e-08
2.041737999999999886e-02 1.209639285610373918e-08
2.128139000000000072e-02 1.368356560627766307e-08
2.218196000000000057e-02 1.547875885815815405e-08
2.312064999999999954e-02 1.750914318266327123e-08
2.409905000000000033e-02 1.980540840117388061e-08
2.511885999999999980e-02 2.240221920048830928e-08
2.618182999999999969e-02 2.533871427895982339e-08
2.728977999999999959e-02 2.865907831810014337e-08
2.844460999999999865e-02 3.241317278351970607e-08
2.964831000000000064e-02 3.665726190805790158e-08
3.090294999999999848e-02 4.145480125114012287e-08
3.221069000000000015e-02 4.687732849418551981e-08
3.357376000000000110e-02 5.300548741888668771e-08
3.499452000000000118e-02 5.993011735121200305e-08
3.647539000000000337e-02 6.775350783876191943e-08
3.801894000000000107e-02 7.659079655781403898e-08
3.962779999999999775e-02 8.657148478801785583e-08
4.130475000000000119e-02 9.784116291662300479e-08
4.305265999999999954e-02 1.105633816197254101e-07
4.487453999999999749e-02 1.249217432515731323e-07
4.677350999999999731e-02 1.411221876786005000e-07
4.875285000000000035e-02 1.593955117373055527e-07
5.081593999999999695e-02 1.800001048640837508e-07
5.296634000000000064e-02 2.032249310885295372e-07
5.520773999999999820e-02 2.293927802421909303e-07
5.754399000000000319e-02 2.588637607170667635e-07
5.997911000000000215e-02 2.920389104608905615e-07
6.251726999999999979e-02 3.293643901936593354e-07
6.516283999999999965e-02 3.713354110389605690e-07
6.792035999999999907e-02 4.185006934938138236e-07
7.079457999999999585e-02 4.714668254423461711e-07
7.379041999999999546e-02 5.309027800506309663e-07
7.691304000000000196e-02 5.975443026607701679e-07
8.016781000000000601e-02 6.721980808017863736e-07
8.356030000000000402e-02 7.557455277042764507e-07
8.709635999999999767e-02 8.491459246472928254e-07
9.078205000000000302e-02 9.534386473345741581e-07
9.462371999999999450e-02 1.069744187911170272e-06
9.862795000000000589e-02 1.199263466175856249e-06
1.028016000000000069e-01 1.343274726805367107e-06
1.071518999999999944e-01 1.503128042455694757e-06
1.116863000000000022e-01 1.680235665609029726e-06
1.164126000000000050e-01 1.876058448007682126e-06
1.213388999999999995e-01 2.092086760798143993e-06
1.264735999999999916e-01 2.329814595347549709e-06
1.318256999999999901e-01 2.590706663908409544e-06
1.374042000000000041e-01 2.876156171743917301e-06
1.432188000000000072e-01 3.187432388387778812e-06
1.492794000000000065e-01 3.525616686396780233e-06
1.555966000000000016e-01 3.891526632467474914e-06
1.621809999999999918e-01 4.285625787132382507e-06
1.690441000000000027e-01 4.707919330806101653e-06
1.761976000000000098e-01 5.157839519504220797e-06
1.836538000000000059e-01 5.634112674495197486e-06
1.914256000000000013e-01 6.134622156377874953e-06
1.995261999999999869e-01 6.656264655090585429e-06
2.079697000000000073e-01 7.194805638945524710e-06
2.167704000000000020e-01 7.744751464622672620e-06
2.259435999999999944e-01 8.299237887680440193e-06
2.355048999999999892e-01 8.849966394655245879e-06
2.454708999999999919e-01 9.387196929212942250e-06
2.558585999999999916e-01 9.899826186716630084e-06
2.666858999999999758e-01 1.037558058720781637e-05
2.779712999999999767e-01 1.080134275224873154e-05
2.897344000000000031e-01 1.116365297255764120e-05
3.019952000000000192e-01 1.144938804383374973e-05
3.147748000000000212e-01 1.164664678597526378e-05
3.280952999999999786e-01 1.174581860443284102e-05
3.419793999999999889e-01 1.174080496833253467e-05
3.564511000000000207e-01 1.163031497134092700e-05
3.715352000000000099e-01 1.141912389228697002e-05
3.872575999999999796e-01 1.111910519029286880e-05
4.036453999999999875e-01 1.074983225701557227e-05
4.207266000000000061e-01 1.033846489898015405e-05
4.385306999999999955e-01 9.918663081335377419e-06
4.570882000000000001e-01 9.528279976559977821e-06
4.764309999999999934e-01 9.205719472555724895e-06
4.965922999999999865e-01 8.985038805918101976e-06
5.176068000000000335e-01 8.890189603637301346e-06
5.395105999999999513e-01 8.929183214638434441e-06
5.623413000000000439e-01 9.089392802070603265e-06
5.861382000000000536e-01 9.335523822334095245e-06
6.109419999999999851e-01 9.611870675280289835e-06
6.367954999999999588e-01 9.850064446789314349e-06
6.637431000000000303e-01 9.982488960703849129e-06
6.918309999999999738e-01 9.959761165492752490e-06
7.211075000000000124e-01 9.768452455501466114e-06
7.516228999999999827e-01 9.443122997829180612e-06
7.834295999999999482e-01 9.065871213864375486e-06
8.165824000000000416e-01 8.748310222686726643e-06
8.511379999999999502e-01 8.596087233593126685e-06
8.871559999999999446e-01 8.664536006794110507e-06
9.246982000000000257e-01 8.923126607613941991e-06
9.638290000000000468e-01 9.250842819030677852e-06
1.004615999999999953e+00 9.478053628525717633e-06
1.047128999999999976e+00 9.469371286497278375e-06
1.091439999999999966e+00 9.211491915428828453e-06
1.137626999999999944e+00 8.847672469486637353e-06
1.185769000000000073e+00 8.611388041450891275e-06
1.235946999999999907e+00 8.670567662524657554e-06
1.288249999999999895e+00 8.978751771657903169e-06
1.342764999999999986e+00 9.271972258604214298e-06
1.399586999999999914e+00 9.272288519924933405e-06
1.458814000000000055e+00 8.964931602814653837e-06
1.520548000000000011e+00 8.664772461826080295e-06
1.584893000000000107e+00 8.711317145213567256e-06
1.651961999999999930e+00 9.048155653845302458e-06
1.721869000000000094e+00 9.227948399458830235e-06
1.794734000000000052e+00 8.989136196533876875e-06
1.870681999999999956e+00 8.690704112848189313e-06
1.949845000000000050e+00 8.819418624676390121e-06
2.032357000000000191e+00 9.150638219722154819e-06
2.118361000000000161e+00 9.066664968648640812e-06
2.208004999999999995e+00 8.740840168994164520e-06
2.301442000000000210e+00 8.870177173719275284e-06
2.398833000000000215e+00 9.160654739037631610e-06
2.500344999999999818e+00 8.924542346645525438e-06
2.606154000000000082e+00 8.783095844777322544e-06
2.716438999999999826e+00 9.117282558607338273e-06
2.831392000000000131e+00 8.985277789466754092e-06
2.951208999999999971e+00 8.817504174749057457e-06
3.076096999999999859e+00 9.141503535573298439e-06
3.206268999999999814e+00 8.910242658367655702e-06
3.341950000000000198e+00 8.960174889988664542e-06
3.483372999999999831e+00 9.106496714911425783e-06
3.630780999999999814e+00 8.865531324992624983e-06
3.784425999999999846e+00 9.161315377782709311e-06
3.944573000000000107e+00 8.883749816686028539e-06
4.111496999999999957e+00 9.164483275249658394e-06
4.285485000000000433e+00 8.911570766112200933e-06
4.466835999999999807e+00 9.180530658964732897e-06
4.655860999999999805e+00 8.938376125365194387e-06
4.852884999999999671e+00 9.165984939171738994e-06
5.058246999999999716e+00 9.051270187952718533e-06
5.272299000000000291e+00 9.037939127772279385e-06
5.495409000000000432e+00 9.219434390581211780e-06
5.727960000000000385e+00 9.056103089324450125e-06
5.970353000000000243e+00 9.062932637345933121e-06
6.223003000000000284e+00 9.235442740782373998e-06
6.486343999999999888e+00 9.227870404039059218e-06
6.760830000000000339e+00 9.119128976753231397e-06
7.046930999999999834e+00 9.089972411948747395e-06
7.345138999999999641e+00 9.146566287832088760e-06
7.655966000000000271e+00 9.221174839262092119e-06
7.979947000000000124e+00 9.276284144284130105e-06
8.317638000000000531e+00 9.306859492312560884e-06
8.669619000000000852e+00 9.313952813547147634e-06
9.036495000000000388e+00 9.293804759732373345e-06
9.418896000000000157e+00 9.253971794590812048e-06
9.817479000000000511e+00 9.253545109880744488e-06
1.023292999999999964e+01 9.380545453159256424e-06
1.066596000000000011e+01 9.518398001674158659e-06
1.111731999999999942e+01 9.383215641748240629e-06
1.158777000000000079e+01 9.414770455849560626e-06
1.207813999999999943e+01 9.592796996701991670e-06
1.258924999999999983e+01 9.403009397115680672e-06
1.312199999999999989e+01 9.653957153506063354e-06
1.367728999999999928e+01 9.591547786826106050e-06
1.425608000000000075e+01 9.420090486161460816e-06
1.485936000000000057e+01 9.776040177242999806e-06
1.548817000000000021e+01 1.004507403329690274e-05
1.614358999999999966e+01 1.004905941124859686e-05
1.682674000000000092e+01 9.977750112219005321e-06
1.753881000000000157e+01 1.003884155773721619e-05
1.828099999999999881e+01 1.044832943457932927e-05
1.905461000000000027e+01 1.107113145150905709e-05
1.986094999999999899e+01 1.103146232730490009e-05
2.070140999999999920e+01 1.102493605557463152e-05
2.157743999999999929e+01 1.115993505488042211e-05
2.249054999999999893e+01 1.125987167423827283e-05
2.344228999999999985e+01 1.109715752802096609e-05
2.443430999999999997e+01 1.103549526839910396e-05
2.546829999999999927e+01 1.100631149129740539e-05
2.654606000000000066e+01 1.102358866075013720e-05
2.766941999999999879e+01 1.114456009529356698e-05
2.884031999999999840e+01 1.090535604880581340e-05
3.006075999999999837e+01 1.106848095923422076e-05
3.133286000000000016e+01 1.067799627869227021e-05
3.265878000000000014e+01 1.058022375154382672e-05
3.404081999999999653e+01 1.054205718701389818e-05
3.548134000000000299e+01 1.011727003053739795e-05
3.698281999999999670e+01 9.571976281268140815e-06
3.854784000000000077e+01 9.895620117137592653e-06
4.017907999999999902e+01 9.924533135122280258e-06
4.187935999999999837e+01 1.007347860369630828e-05
4.365158000000000271e+01 1.040500069404260119e-05
4.549880999999999887e+01 1.053234546687365129e-05
4.742419999999999902e+01 1.091886049567245112e-05
4.943106999999999829e+01 1.081326799423238267e-05
5.152286000000000143e+01 1.071037372815645331e-05
5.370318000000000325e+01 1.114522651994003525e-05
5.597576000000000107e+01 1.186641187829452829e-05
5.834450999999999965e+01 1.230931605871319121e-05
6.081349999999999767e+01 1.232543246524275975e-05
6.338696999999999804e+01 1.232405224986308611e-05
6.606933999999999685e+01 1.179023407585991065e-05
6.886522999999999683e+01 1.115103977575495413e-05
7.177943000000000495e+01 1.103035417410571933e-05
7.481695000000000562e+01 1.125657185187003455e-05
7.798300999999999306e+01 1.156368045893251803e-05
8.128305000000000291e+01 1.154463463622198557e-05
8.472274000000000171e+01 1.156903884615687748e-05
8.830799000000000376e+01 1.066835802117289242e-05
9.204496000000000322e+01 1.020116705362982116e-05
9.594006000000000256e+01 1.008421942259015442e-05
1.000000000000000000e+02 1.088644835214338291e-05
1.042317000000000036e+02 1.133788121362503984e-05
1.086426000000000016e+02 1.113811923199272358e-05
1.132399999999999949e+02 1.144797618878705109e-05
1.180320999999999998e+02 1.230963459940008468e-05
1.230268999999999977e+02 1.232545274785540395e-05
1.282331000000000074e+02 1.159495715487743736e-05
1.336596000000000117e+02 1.191232022720599594e-05
1.393156999999999925e+02 1.238692685039088848e-05
1.452111999999999910e+02 1.193379700117640437e-05
1.513560999999999979e+02 1.245791916193602660e-05
1.577610999999999990e+02 1.297248115586977941e-05
1.644371999999999900e+02 1.222467264667635169e-05
1.713957000000000050e+02 1.218561988136016632e-05
1.786487999999999943e+02 1.339480514153594059e-05
1.862086999999999932e+02 1.286703850363875625e-05
1.940886000000000138e+02 1.137002293297524933e-05
2.023018999999999892e+02 1.217906017034835515e-05
2.108627999999999929e+02 1.286833447769660045e-05
2.197860000000000014e+02 1.101567798005459339e-05
2.290868000000000109e+02 9.953494311078683307e-06
2.387811000000000092e+02 1.086084463175866969e-05
2.488857000000000141e+02 1.228295733014026609e-05
2.594178999999999746e+02 1.147648068585369684e-05
2.703958000000000084e+02 1.282853195186864038e-05
2.818383000000000038e+02 1.476103712634424012e-05
2.937649999999999864e+02 1.205574119452118676e-05
3.061963000000000079e+02 1.195293267750192652e-05
3.191537999999999897e+02 1.335444997229676646e-05
3.326596000000000117e+02 1.237017107417368374e-05
3.467368999999999915e+02 1.287720721425450571e-05
3.614098999999999933e+02 1.150103365369845879e-05
3.767038000000000011e+02 1.278132661145801443e-05
3.926449000000000069e+02 1.180956668804215074e-05
4.092606999999999857e+02 1.415334369425510343e-05
4.265794999999999959e+02 1.375753048997833317e-05
4.446313000000000102e+02 1.361578184172264428e-05
4.634469000000000278e+02 1.314630957511220596e-05
4.830588000000000193e+02 1.242780281276877925e-05
5.035006000000000199e+02 1.341491732409369861e-05
5.248075000000000045e+02 1.428795854473760456e-05
5.470159999999999627e+02 1.131491747548718862e-05
5.701643000000000256e+02 1.193992765972014009e-05
5.942921999999999798e+02 1.254118019173301397e-05
6.194411000000000058e+02 1.390436074913054730e-05
6.456541999999999462e+02 1.437427313291226138e-05
6.729767000000000507e+02 1.388923052362707693e-05
7.014552999999999656e+02 1.347890903131490998e-05
7.311390999999999849e+02 1.283494079555156456e-05
7.620789999999999509e+02 1.357322889402260891e-05
7.943282000000000380e+02 1.275267930737809380e-05
8.279421999999999571e+02 1.363266885574885519e-05
8.629785000000000537e+02 1.190215274067383867e-05
8.994976000000000340e+02 1.152520886018483588e-05
9.375620000000000118e+02 1.351444771213130790e-05
9.772372000000000298e+02 1.383853194810664399e-05
1.018591000000000008e+03 1.062171213408273528e-05
1.061695999999999913e+03 1.308261192884736919e-05
1.106624000000000024e+03 1.298547449401122957e-05
1.153452999999999975e+03 1.278019466929808623e-05
1.202263999999999896e+03 1.165047038465933957e-05
1.253141000000000076e+03 1.233664391798438329e-05
1.306171000000000049e+03 1.180950924359991525e-05
1.361444999999999936e+03 1.287511365750053683e-05
1.419057999999999993e+03 1.123233705674682532e-05
1.479107999999999947e+03 1.175753584749305851e-05
1.541700000000000045e+03 1.150254662701380095e-05
1.606941000000000031e+03 1.220840793933969322e-05
1.674942999999999984e+03 1.206286876233374382e-05
1.745821999999999889e+03 1.236094812007466062e-05
1.819701000000000022e+03 1.051937633893124069e-05
1.896705999999999904e+03 1.247360122598475795e-05
1.976970000000000027e+03 1.276598216972592275e-05
2.060630000000000109e+03 1.170271973907786723e-05
2.147829999999999927e+03 1.129540502991020956e-05
2.238721000000000004e+03 1.145716241411427279e-05
2.333458000000000084e+03 1.156146902106605453e-05
2.432204000000000178e+03 1.119141804504767719e-05
2.535128999999999905e+03 1.037311516206512454e-05
2.642409000000000106e+03 1.198701407196053332e-05
2.754228999999999814e+03 1.069598294915684810e-05
2.870780999999999949e+03 1.069385200283974207e-05
2.992264999999999873e+03 1.086240602367976247e-05
3.118889999999999873e+03 1.011402018455679839e-05
3.250873000000000047e+03 9.800840710499388511e-06
3.388442000000000007e+03 9.637205769654476835e-06
3.531831999999999880e+03 9.919813839110705719e-06
3.681289999999999964e+03 1.056525349081710213e-05
3.837072000000000116e+03 9.450530584676298596e-06
3.999447000000000116e+03 1.037687975322677894e-05
4.168694000000000415e+03 9.833478529833563744e-06
4.345101999999999862e+03 8.735196026974597391e-06
4.528975999999999658e+03 9.676567546799057462e-06
4.720630000000000109e+03 9.198431551759402825e-06
4.920395000000000437e+03 9.697267010923563081e-06
5.128613999999999578e+03 8.018215498373415160e-06
5.345644000000000233e+03 8.904188340726948948e-06
5.571856999999999971e+03 9.747657912055094912e-06
5.807644000000000233e+03 8.036067913776072749e-06
6.053408999999999651e+03 7.678856756408548254e-06
6.309573000000000320e+03 9.211295903507240039e-06
6.576578000000000429e+03 8.960361737812317528e-06
6.854881999999999607e+03 7.350234128961258384e-06
7.144962999999999738e+03 8.196424678463033888e-06
7.447319999999999709e+03 7.901733199589066443e-06
7.762470999999999549e+03 7.552399526913571698e-06
8.090958999999999833e+03 7.911089711884365923e-06
8.433347999999999956e+03 6.951033936815914112e-06
8.790225000000000364e+03 7.934763055101025784e-06
9.162204999999999927e+03 7.394932954800527476e-06
9.549925999999999476e+03 6.681426261943231714e-06
9.954054000000000087e+03 7.625755914005813890e-06
1.037528000000000065e+04 7.106915668748875557e-06
1.081434000000000015e+04 7.381493810351252455e-06
1.127196999999999935e+04 6.877521037552288122e-06
1.174897999999999956e+04 6.595744400091717077e-06
1.224615999999999985e+04 7.509979944354003207e-06
1.276438999999999942e+04 7.539348730093203610e-06
1.330454000000000087e+04 6.275647805669307841e-06
1.386755999999999949e+04 6.272800361110752350e-06
1.445439999999999964e+04 6.622194946859987446e-06
1.506606999999999971e+04 7.052238844224531374e-06
1.570362999999999920e+04 6.521049101336480488e-06
1.636817000000000007e+04 5.836060820778648251e-06
1.706081999999999971e+04 6.348171560419925703e-06
1.778279000000000087e+04 5.158136133793762515e-06
1.853531999999999971e+04 5.895179723285489212e-06
1.931968000000000029e+04 5.405903029044362573e-06
2.013724000000000160e+04 5.609660006893057993e-06
2.098940000000000146e+04 5.328882903591155569e-06
2.187761999999999898e+04 5.722442791987092758e-06
2.280341999999999825e+04 4.592818137886262782e-06
2.376840000000000146e+04 5.641359667658116875e-06
2.477422000000000116e+04 5.794148795870639129e-06
2.582259999999999854e+04 5.217792318218939935e-06
2.691534999999999854e+04 5.599410487585185997e-06
2.805434000000000015e+04 5.145002909116222388e-06
2.924152000000000044e+04 5.321832479178630985e-06
3.047895000000000073e+04 5.289114728519928262e-06
3.176874000000000160e+04 4.699146228427690669e-06
3.311311000000000058e+04 4.930333352294927456e-06
3.451437000000000262e+04 4.884090446885066240e-06
3.597493000000000029e+04 4.437020069416627444e-06
3.749730000000000291e+04 4.788893189858807311e-06
3.908408999999999651e+04 4.333716641233783021e-06
4.073802999999999884e+04 4.186323232233664672e-06
4.246195999999999913e+04 4.315123840784788377e-06
4.425883999999999651e+04 4.574026028614644940e-06
4.613176000000000204e+04 4.179347107781041292e-06
4.808393000000000029e+04 4.160152937338534775e-06
5.011872000000000116e+04 3.408707786934375753e-06
5.223962000000000262e+04 3.778658264269503581e-06
5.445026999999999680e+04 4.126698689130525689e-06
5.675445999999999913e+04 3.804976647657058792e-06
5.915616000000000349e+04 3.432146900532843032e-06
6.165950000000000000e+04 3.437725343059720753e-06
6.426876999999999680e+04 3.550213783163941569e-06
6.698846000000000640e+04 3.811530955322138920e-06
6.982324000000000524e+04 3.526919755178734795e-06
7.277797999999999593e+04 3.359604028719300155e-06
7.585775999999999476e+04 3.336295747395950277e-06
7.906786000000000058e+04 3.308671843366913718e-06
8.241380999999999767e+04 2.927400977705537118e-06
8.590135000000000582e+04 3.236498457663303525e-06
8.953647999999999593e+04 3.288517072507588764e-06
9.332542999999999302e+04 2.547997471657352873e-06
9.727472000000000116e+04 2.860324457137477736e-06
1.013911000000000058e+05 3.233398831923226449e-06
1.056818000000000029e+05 2.985572984062742368e-06
1.101538999999999942e+05 2.614329832082564865e-06
1.148153999999999942e+05 2.678757561683747210e-06
1.196741000000000058e+05 2.840391852543930711e-06
1.247383999999999942e+05 2.625225520736544816e-06
1.300170000000000000e+05 2.737460005322134380e-06
1.355188999999999942e+05 2.573119978340587952e-06
1.412537999999999884e+05 2.493834009865051213e-06
1.472312999999999884e+05 2.392888554696679706e-06
1.534617000000000116e+05 2.386847112944689885e-06
1.599557999999999884e+05 2.347006356553274206e-06
1.667247000000000116e+05 2.173206725963595634e-06
1.737801000000000058e+05 2.357599822641047324e-06
1.811340000000000000e+05 2.159044180473996843e-06
1.887991000000000058e+05 1.971999864213895155e-06
1.967886000000000058e+05 2.086259156826283079e-06
2.051162000000000116e+05 2.475887398956232125e-06
2.137962000000000116e+05 1.995750847914528889e-06
2.228435000000000000e+05 1.889086486058559777e-06
2.322737000000000116e+05 1.873581078828397288e-06
2.421028999999999942e+05 1.707037295848692919e-06
2.523481000000000058e+05 1.898177283988801022e-06
2.630267999999999884e+05 1.599793521261015130e-06
2.741574000000000233e+05 1.671617528314644432e-06
2.857590999999999767e+05 1.572436750084326028e-06
2.978515999999999767e+05 1.736447889205801458e-06
3.104560000000000000e+05 1.488797512196840205e-06
3.235937000000000116e+05 1.889560533940970557e-06
3.372872999999999884e+05 1.372644638645426537e-06
3.515604000000000233e+05 1.627161363298181420e-06
3.664375999999999767e+05 1.386082616446612728e-06
3.819442999999999884e+05 1.272256731675738254e-06
3.981072000000000116e+05 1.420931067147154357e-06
4.149540000000000000e+05 1.317998728621462529e-06
4.325137999999999884e+05 1.248439541324191647e-06
4.508167000000000116e+05 1.277481967412891044e-06
4.698940999999999767e+05 1.117158150725248554e-06
4.897787999999999884e+05 1.204734664927415361e-06
5.105050000000000000e+05 1.078868225018272610e-06
5.321083000000000466e+05 1.038865087888804804e-06
5.546256999999999534e+05 1.116460102483920013e-06
5.780960000000000000e+05 9.992312539809307249e-07
6.025595999999999767e+05 1.050568902814453946e-06
6.280584000000000233e+05 9.252756856096784885e-07
6.546361999999999534e+05 9.605884103190102404e-07
6.823386999999999534e+05 9.075976642838450790e-07
7.112135000000000000e+05 8.630318277687556443e-07
7.413101999999999534e+05 8.464605907702881029e-07
7.726805999999999767e+05 8.884315200245652559e-07
8.053784000000000233e+05 8.408645726726419809e-07
8.394600000000000000e+05 8.935515965867523983e-07
8.749838000000000466e+05 8.212686196558626548e-07
9.120108000000000466e+05 7.091908393170294361e-07
9.506048000000000466e+05 7.582749044405476870e-07
9.908319000000000233e+05 6.114465416094442671e-07
1.032761000000000000e+06 6.711119336546595917e-07
1.076465000000000000e+06 6.487136091304120040e-07
1.122018000000000000e+06 5.454339466266285173e-07
1.169499000000000000e+06 5.454837321583282157e-07
1.218990000000000000e+06 5.231117709785938321e-07
1.270574000000000000e+06 6.065415810345621154e-07
1.324342000000000000e+06 5.184638262882221844e-07
1.380384000000000000e+06 4.534347547216158405e-07
1.438799000000000000e+06 4.810702044435499191e-07
1.499685000000000000e+06 4.836626337358097921e-07
1.563148000000000000e+06 4.513281462194695752e-07
1.629296000000000000e+06 4.404947691361531187e-07
1.698244000000000000e+06 4.057178025882893993e-07
1.770109000000000000e+06 3.945260407816258122e-07
1.845015000000000000e+06 3.465001808318287094e-07
1.923092000000000000e+06 3.678064149926044244e-07
2.004472000000000000e+06 3.378196278088483450e-07
2.089296000000000000e+06 4.054874141995505890e-07
2.177710000000000000e+06 3.217134078120146573e-07
2.269865000000000000e+06 2.618588064150010398e-07
2.365920000000000000e+06 2.718796160765422977e-07
2.466039000000000000e+06 3.030266062970652586e-07
2.570396000000000000e+06 2.519227491176662318e-07
2.679168000000000000e+06 2.620003488849984283e-07
2.792544000000000000e+06 2.474513112134599789e-07
2.910717000000000000e+06 2.324333252403605429e-07
3.033891000000000000e+06 1.989841096918300699e-07
3.162278000000000000e+06 2.145504107485287103e-07
3.296097000000000000e+06 1.659999797394142688e-07
3.435579000000000000e+06 1.736133835086696691e-07
3.580964000000000000e+06 1.941560111206267248e-07
3.732502000000000000e+06 1.760528769033303255e-07
3.890451000000000000e+06 1.668350644140531753e-07
4.055085000000000000e+06 1.596212009645936373e-07
4.226686000000000000e+06 1.541273507293476322e-07
4.405549000000000000e+06 1.500791258203792625e-07
4.591980000000000000e+06 1.389054264891177945e-07
4.786301000000000000e+06 1.361291758507857404e-07
4.988845000000000000e+06 1.328608491044070769e-07
5.199960000000000000e+06 1.367598061289644979e-07
5.420009000000000000e+06 1.014386644511161932e-07
5.649370000000000000e+06 1.079327099963425626e-07
5.888437000000000000e+06 9.862101048919885275e-08
6.137620000000000000e+06 9.390996599557739705e-08
6.397348000000000000e+06 8.681290099131478497e-08
6.668068000000000000e+06 8.716995522056605722e-08
6.950243000000000000e+06 7.783726601732192588e-08
7.244360000000000000e+06 8.085047002206206859e-08
7.550922000000000000e+06 8.014653137647390718e-08
7.870458000000000000e+06 7.090854277850308107e-08
8.203515000000000000e+06 6.018533921276118153e-08
8.550667000000000000e+06 6.372140172826634572e-08
8.912509000000000000e+06 6.674752363720587941e-08
9.289664000000000000e+06 5.562956803091152486e-08
9.682779000000000000e+06 5.088250768134029099e-08
1.009253000000000000e+07 5.108968887719606449e-08
1.051962000000000000e+07 4.090006343432195964e-08
1.096478000000000000e+07 4.148549267303610287e-08
1.142878000000000000e+07 3.694923424976791785e-08
1.191242000000000000e+07 3.753516778309882288e-08
1.241652000000000000e+07 3.497476517144924419e-08
1.294196000000000000e+07 3.922557022557505668e-08
1.348963000000000000e+07 3.025806529501872629e-08
1.406048000000000000e+07 2.800151086391333535e-08
1.465548000000000000e+07 2.485018356211663322e-08
1.527566000000000000e+07 2.917294744378968003e-08
1.592209000000000000e+07 2.433935502850783130e-08
1.659587000000000000e+07 2.384218669237223766e-08
1.729816000000000000e+07 2.215354479184357055e-08
1.803018000000000000e+07 2.139080001678990548e-08
1.879317000000000000e+07 1.965254450270452929e-08
1.958845000000000000e+07 1.785398832321077749e-08
2.041738000000000000e+07 1.723821691491163443e-08
2.128139000000000000e+07 1.373473026823716970e-08
2.218196000000000000e+07 1.556173763477787882e-08
2.312065000000000000e+07 1.389155817075965442e-08
2.409905000000000000e+07 1.122411395975351081e-08
2.511886000000000000e+07 1.126599629153187769e-08
2.618183000000000000e+07 1.241492358328539078e-08
2.728978000000000000e+07 1.031363964978238270e-08
2.844461000000000000e+07 1.051735147454974567e-08
2.964831000000000000e+07 8.680970109219591832e-09
3.090295000000000000e+07 9.030932170074653368e-09
3.221069000000000000e+07 7.044163002059152736e-09
3.357376000000000000e+07 7.595440320988143925e-09
3.499452000000000000e+07 7.221283850560010470e-09
3.647539000000000000e+07 6.015435961821295637e-09
3.801894000000000000e+07 6.748235091351595854e-09
3.962780000000000000e+07 5.743244070217592596e-09
4.130475000000000000e+07 5.498708797088187716e-09
4.305266000000000000e+07 4.829329826932146111e-09
4.487454000000000000e+07 4.569668698914880483e-09
4.677351000000000000e+07 4.435234928380104533e-09
4.875285000000000000e+07 4.318155610209046731e-09
5.081594000000000000e+07 3.849867345285753394e-09
5.296634000000000000e+07 3.610753315558852474e-09
5.520774000000000000e+07 3.453730775069391420e-09
5.754399000000000000e+07 3.278819113725850630e-09
5.997911000000000000e+07 3.101268718597797411e-09
6.251727000000000000e+07 2.698765398310959186e-09
6.516284000000000000e+07 2.524650958182997798e-09
6.792036000000000000e+07 2.555941229348825705e-09
7.079458000000000000e+07 2.384377886380161997e-09
7.379042000000000000e+07 2.163267245656810510e-09
7.691304000000000000e+07 2.071494905558220852e-09
8.016781000000000000e+07 1.838961030924614076e-09
8.356030000000000000e+07 1.962411129688848069e-09
8.709636000000000000e+07 1.686919648270189661e-09
9.078205000000000000e+07 1.537750320748003678e-09
9.462372000000000000e+07 1.572900178031697668e-09
9.862795000000000000e+07 1.196733165855181915e-09
1.028016000000000000e+08 1.473880757416739924e-09
1.071519000000000000e+08 1.187064950151374424e-09
1.116863000000000000e+08 1.168499214178289290e-09
1.164126000000000000e+08 1.040649407163576977e-09
1.213389000000000000e+08 9.067122626314914863e-10
1.264736000000000000e+08 8.870860574364238792e-10
1.318257000000000000e+08 7.007617207017285168e-10
1.374042000000000000e+08 8.400158365880655078e-10
1.432188000000000000e+08 7.852078254629156549e-10
1.492794000000000000e+08 6.774181069823540124e-10
1.555966000000000000e+08 6.481827500047072543e-10
1.621810000000000000e+08 6.194702307311053660e-10
1.690441000000000000e+08 6.030055686439402491e-10
1.761976000000000000e+08 5.319042947691543614e-10
1.836538000000000000e+08 5.136515251040150149e-10
1.914256000000000000e+08 4.608239740385764965e-10
1.995262000000000000e+08 4.004424711711178198e-10
2.079697000000000000e+08 3.948265506508410675e-10
2.167704000000000000e+08 3.968223588087357874e-10
2.259436000000000000e+08 3.971449313648724390e-10
2.355049000000000000e+08 3.515557454841569727e-10
2.454709000000000000e+08 3.464555724726491551e-10
2.558586000000000000e+08 2.651607985977816640e-10
2.666859000000000000e+08 2.573635612693463549e-10
2.779713000000000000e+08 2.473543534788868095e-10
2.897344000000000000e+08 2.328192053249072423e-10
3.019952000000000000e+08 2.129787120978713934e-10
3.147748000000000000e+08 1.834515327123701434e-10
3.280953000000000000e+08 1.845303878925250169e-10
3.419794000000000000e+08 1.722156258627127265e-10
3.564511000000000000e+08 1.586254382278187133e-10
3.715352000000000000e+08 1.700176826036901283e-10
3.872576000000000000e+08 1.375095103785491650e-10
4.036454000000000000e+08 1.307191291687739223e-10
4.207266000000000000e+08 1.353990554384897574e-10
4.385307000000000000e+08 1.297234941959929818e-10
4.570882000000000000e+08 9.521060677479770801e-11
4.764310000000000000e+08 1.279664298432420805e-10
4.965923000000000000e+08 8.881174032452721172e-11
5.176068000000000000e+08 9.121548072194086376e-11
5.395106000000000000e+08 8.476325044400801410e-11
5.623413000000000000e+08 8.652326773610198585e-11
5.861382000000000000e+08 8.288427457077221406e-11
6.109420000000000000e+08 7.430010777846923393e-11
6.367955000000000000e+08 5.675109962107453218e-11
6.637431000000000000e+08 5.817896632220730571e-11
6.918310000000000000e+08 5.174095559221896035e-11
7.211075000000000000e+08 4.830285371454849141e-11
7.516229000000000000e+08 4.794555099290905598e-11
7.834296000000000000e+08 4.195387678357679092e-11
8.165824000000000000e+08 4.639440410959109482e-11
8.511380000000000000e+08 3.851092450109684010e-11
8.871560000000000000e+08 3.329909084641763679e-11
9.246982000000000000e+08 3.445736779932837676e-11
9.638290000000000000e+08 3.222310009413761827e-11
1.004616000000000000e+09 3.270214412455892875e-11
1.047129000000000000e+09 2.734966069159289412e-11
1.091440000000000000e+09 2.149088287585488293e-11
1.137627000000000000e+09 2.491214448212685474e-11
1.185769000000000000e+09 2.196998725745736300e-11
1.235947000000000000e+09 2.239875516070171561e-11
1.288250000000000000e+09 1.999136631007588437e-11
1.342765000000000000e+09 1.754869458738682311e-11
1.399587000000000000e+09 1.793903663661043990e-11
1.458814000000000000e+09 1.629877536010436367e-11
1.520548000000000000e+09 1.725283413625587196e-11
1.584893000000000000e+09 1.363627295478636884e-11
1.651962000000000000e+09 1.345308652353146683e-11
1.721869000000000000e+09 1.377902468808403421e-11
1.794734000000000000e+09 1.137639973725346314e-11
1.870682000000000000e+09 1.164300215503063864e-11
1.949845000000000000e+09 1.113335331310030644e-11
2.032357000000000000e+09 1.064416266186905514e-11
2.118361000000000000e+09 9.217849449021132752e-12
2.208005000000000000e+09 7.765444797784202882e-12
2.301442000000000000e+09 7.626111586792469986e-12
2.398833000000000000e+09 7.262719674215509450e-12
2.500345000000000000e+09 7.476324662435270350e-12
2.606154000000000000e+09 6.648809596909408865e-12
2.716439000000000000e+09 5.694271744179335138e-12
2.831392000000000000e+09 5.098662354230657803e-12
2.951209000000000000e+09 5.951023644258780806e-12
3.076097000000000000e+09 5.260542154799169585e-12
3.206269000000000000e+09 4.711688087275710256e-12
3.341950000000000000e+09 3.948142854222548421e-12
3.483373000000000000e+09 4.414303360003537210e-12
3.630781000000000000e+09 3.440247414794755053e-12
3.784426000000000000e+09 3.804538594970210613e-12
3.944573000000000000e+09 3.101193992606348607e-12
4.111497000000000000e+09 2.721960260868187924e-12
4.285485000000000000e+09 2.827521784137623370e-12
4.466836000000000000e+09 2.574169873139262114e-12
4.655861000000000000e+09 2.224380455990888824e-12
4.852885000000000000e+09 2.516196016906482648e-12
5.058247000000000000e+09 2.084371556445993159e-12
5.272299000000000000e+09 2.114127769103987787e-12
5.495409000000000000e+09 1.977395801802092163e-12
5.727960000000000000e+09 1.688543953829564569e-12
5.970353000000000000e+09 1.733994881062357992e-12
6.223003000000000000e+09 1.352519612690866630e-12
6.486344000000000000e+09 1.875228386128172002e-12
6.760830000000000000e+09 1.436877103547655645e-12
7.046931000000000000e+09 1.136314339780670953e-12
7.345139000000000000e+09 1.154086992282663043e-12
7.655966000000000000e+09 1.228230551682556070e-12
7.979947000000000000e+09 1.020407062215212592e-12
8.317638000000000000e+09 9.955939407376810982e-13
8.669619000000000000e+09 8.404481489003951073e-13
9.036495000000000000e+09 8.813782658851537907e-13
9.418896000000000000e+09 8.661893585003717153e-13
9.817479000000000000e+09 7.922525964704837059e-13
1.023293000000000000e+10 8.011896491510472727e-13
1.066596000000000000e+10 7.816410241695898041e-13
1.111732000000000000e+10 6.484400085221985151e-13
1.158777000000000000e+10 5.660669589995589485e-13
1.207814000000000000e+10 5.219148627659817076e-13
1.258925000000000000e+10 5.489597169922029843e-13
1.312200000000000000e+10 4.649428704482243916e-13
1.367729000000000000e+10 4.753170294679395780e-13
1.425608000000000000e+10 4.423093086797757641e-13
1.485936000000000000e+10 4.011507001671184156e-13
1.548817000000000000e+10 4.464680771102648837e-13
1.614359000000000000e+10 3.366008180649054469e-13
1.682674000000000000e+10 3.264760529522094036e-13
1.753881000000000000e+10 3.479136071416804454e-13
1.828100000000000000e+10 2.927058305368868957e-13
1.905461000000000000e+10 2.563482067027017904e-13
1.986095000000000000e+10 2.415144652950561126e-13
2.070141000000000000e+10 2.195812310074623174e-13
2.157744000000000000e+10 2.075710607216788893e-13
2.249055000000000000e+10 2.070314504716252317e-13
2.344229000000000000e+10 2.020784426615823492e-13
2.443431000000000000e+10 1.957698278247605842e-13
2.546830000000000000e+10 1.719099091849984154e-13
2.654606000000000000e+10 1.474187499615056601e-13
2.766942000000000000e+10 1.153229211671018739e-13
2.884032000000000000e+10 1.501500644016715495e-13
3.006076000000000000e+10 1.221658584370978306e-13
3.133286000000000000e+10 1.383759199902233649e-13
3.265878000000000000e+10 1.205676143785291606e-13
3.404082000000000000e+10 8.977236007720547286e-14
3.548134000000000000e+10 1.062672598380300683e-13
3.698282000000000000e+10 9.605939859230448907e-14
3.854784000000000000e+10 8.688670737955209643e-14
4.017908000000000000e+10 8.629727045058044355e-14
4.187936000000000000e+10 8.287320609584925828e-14
4.365158000000000000e+10 7.534051514690312876e-14
4.549881000000000000e+10 6.898095282764874676e-14
4.742420000000000000e+10 6.386888393508018917e-14
4.943107000000000000e+10 6.356539350617832097e-14
5.152286000000000000e+10 5.648534942365979909e-14
5.370318000000000000e+10 6.055514301472894814e-14
5.597576000000000000e+10 4.826435808270743251e-14
5.834451000000000000e+10 4.653279909591612635e-14
6.081350000000000000e+10 4.739281518564680690e-14
6.338697000000000000e+10 4.450528978593508996e-14
6.606934000000000000e+10 3.955736460584121709e-14
6.886523000000000000e+10 3.340659301035117506e-14
7.177943000000000000e+10 3.390853989397220514e-14
7.481695000000000000e+10 3.013745203398272313e-14
7.798301000000000000e+10 2.707222206079927936e-14
8.128305000000000000e+10 2.706782962240212046e-14
8.472274000000000000e+10 2.346780837658863423e-14
8.830799000000000000e+10 2.719887197322283737e-14
9.204496000000000000e+10 2.640257334669240285e-14
9.594006000000000000e+10 2.240920133579226436e-14
