# k [1/Mpc], Window(k) [Mpc]
9.999999999999999547e-08 2.763844659374708131e-15
1.042317000000000002e-07 3.050617129713118093e-15
1.086425999999999937e-07 3.366713745688679070e-15
1.132400000000000002e-07 3.715096542909856817e-15
1.180320999999999998e-07 4.099022846615848617e-15
1.230268999999999884e-07 4.522075351076922497e-15
1.282330999999999997e-07 4.988193667837754776e-15
1.336595999999999986e-07 5.501710062121345586e-15
1.393156999999999986e-07 6.067387216626521414e-15
1.452112000000000000e-07 6.690461408447282711e-15
1.513560999999999877e-07 7.376689026425785369e-15
1.577610999999999978e-07 8.132396409945445563e-15
1.644371999999999896e-07 8.964538471441452992e-15
1.713957000000000053e-07 9.880756548748498085e-15
1.786487999999999897e-07 1.088944838489597505e-14
1.862086999999999937e-07 1.199984153764964048e-14
1.940885999999999900e-07 1.322207372389005143e-14
2.023018999999999886e-07 1.456728198132068407e-14
2.108627999999999895e-07 1.604769905341301716e-14
2.197860000000000068e-07 1.767676348957879312e-14
2.290868000000000076e-07 1.946923199559334475e-14
2.387810999999999914e-07 2.144131001099122317e-14
2.488857000000000195e-07 2.361079485337420139e-14
2.594178999999999820e-07 2.599722255449920464e-14
2.703957999999999972e-07 2.862204399246867554e-14
2.818383000000000151e-07 3.150880671421240829e-14
2.937649999999999839e-07 3.468335782782916207e-14
3.061963000000000007e-07 3.817405969178794630e-14
3.191538000000000160e-07 4.201204779001882023e-14
3.326595999999999939e-07 4.623147817427683733e-14
3.467369000000000242e-07 5.086983443470031264e-14
3.614099000000000128e-07 5.596823905726971320e-14
3.767037999999999986e-07 6.157179651623635861e-14
3.926448999999999877e-07 6.772998732555889575e-14
4.092606999999999981e-07 7.449708342592920102e-14
4.265794999999999851e-07 8.193259443438081519e-14
4.446312999999999827e-07 9.010178220236927445e-14
4.634469000000000152e-07 9.907620089708356701e-14
4.830588000000000268e-07 1.089342939412013810e-13
5.035005999999999816e-07 1.197620588471385735e-13
5.248075000000000359e-07 1.316537521290074402e-13
5.470160000000000326e-07 1.447126811594566195e-13
5.701643000000000520e-07 1.590520483926500490e-13
5.942922000000000493e-07 1.747959066323256731e-13
6.194410999999999602e-07 1.920801654821056297e-13
6.456542000000000032e-07 2.110537146501370465e-13
6.729767000000000284e-07 2.318796520153036032e-13
7.014553000000000330e-07 2.547366071165901271e-13
7.311391000000000384e-07 2.798202034519687132e-13
7.620790000000000307e-07 3.073446731354671494e-13
7.943281999999999752e-07 3.375445515766391094e-13
8.279422000000000272e-07 3.706766111191036607e-13
8.629784999999999742e-07 4.070219362182376714e-13
8.994976000000000037e-07 4.468881642238139293e-13
9.375620000000000411e-07 4.906119827565145039e-13
9.772371999999999886e-07 5.385617908483851156e-13
1.018591000000000045e-06 5.911407114787009900e-13
1.061696000000000033e-06 6.487897000227244787e-13
1.106623999999999944e-06 7.119911118866801236e-13
1.153453000000000025e-06 7.812725626175202588e-13
1.202263999999999972e-06 8.572109839772423491e-13
1.253140999999999985e-06 9.404371972789011020e-13
1.306170999999999924e-06 1.031641020930101164e-12
1.361444999999999973e-06 1.131576366510592300e-12
1.419058000000000000e-06 1.241067349395017515e-12
1.479107999999999959e-06 1.361014674863899251e-12
1.541699999999999995e-06 1.492402471076301477e-12
1.606941000000000095e-06 1.636306004910040754e-12
1.674942999999999965e-06 1.793900060121243326e-12
1.745822000000000054e-06 1.966467712901473900e-12
1.819700999999999944e-06 2.155410096571243928e-12
1.896705999999999938e-06 2.362257630598927795e-12
1.976969999999999895e-06 2.588680874074276178e-12
2.060630000000000208e-06 2.836503631555077939e-12
2.147829999999999983e-06 3.107716620217167462e-12
2.238721000000000211e-06 3.404492331241103466e-12
2.333457999999999877e-06 3.729201452418838409e-12
2.432203999999999880e-06 4.084430587582939529e-12
2.535128999999999830e-06 4.473000569254209951e-12
2.642408999999999928e-06 4.897989223546185413e-12
2.754228999999999986e-06 5.362751871380784540e-12
2.870780999999999798e-06 5.870947205870729150e-12
2.992264999999999802e-06 6.426564583044776398e-12
3.118890000000000051e-06 7.033951222748711068e-12
3.250872999999999969e-06 7.697845708198171200e-12
3.388441999999999922e-06 8.423410768637608238e-12
3.531831999999999832e-06 9.216271017308120239e-12
3.681289999999999952e-06 1.008255315519886356e-11
3.837072000000000148e-06 1.102893037595545031e-11
3.999446999999999589e-06 1.206266822363533427e-11
4.168693999999999834e-06 1.319167661245494112e-11
4.345101999999999755e-06 1.442456752880292529e-11
4.528976000000000360e-06 1.577071024046703960e-11
4.720629999999999728e-06 1.724030288640314801e-11
4.920395000000000008e-06 1.884443952298815716e-11
5.128614000000000293e-06 2.059518580563148924e-11
5.345643999999999636e-06 2.250566627372427266e-11
5.571856999999999837e-06 2.459014924129517750e-11
5.807643999999999617e-06 2.686414849060193449e-11
6.053408999999999965e-06 2.934452402800973761e-11
6.309573000000000008e-06 3.204960091922133240e-11
6.576577999999999665e-06 3.499928674028219708e-11
6.854882000000000144e-06 3.821521022138153882e-11
7.144962999999999815e-06 4.172085663580731349e-11
7.447320000000000383e-06 4.554173475431225407e-11
7.762470999999999629e-06 4.970553550596202068e-11
8.090959000000000473e-06 5.424231800425919044e-11
8.433348000000000694e-06 5.918469827989525633e-11
8.790224999999999344e-06 6.456807152475652498e-11
9.162205000000000482e-06 7.043083417361222063e-11
9.549925999999999272e-06 7.681462617550206958e-11
9.954053999999999276e-06 8.376460326772441560e-11
1.037528000000000072e-05 9.132972409516939635e-11
1.081434000000000021e-05 9.956305207271127679e-11
1.127196999999999942e-05 1.085220954923745467e-10
1.174898000000000080e-05 1.182691655687952630e-10
1.224616000000000033e-05 1.288717595160468397e-10
1.276439000000000028e-05 1.404029796198017496e-10
1.330454000000000052e-05 1.529419923898358280e-10
1.386755999999999975e-05 1.665744956178251446e-10
1.445440000000000005e-05 1.813932582041037531e-10
1.506606999999999922e-05 1.974986654443310405e-10
1.570362999999999859e-05 2.149993358812716247e-10
1.636817000000000155e-05 2.340127663853391500e-10
1.706081999999999906e-05 2.546660394875207164e-10
1.778279000000000123e-05 2.770965684435896019e-10
1.853531999999999993e-05 3.014529129470249737e-10
1.931967999999999931e-05 3.278956661563359909e-10
2.013724000000000034e-05 3.565983479874265876e-10
2.098939999999999931e-05 3.877484679610409819e-10
2.187762000000000010e-05 4.215485987287094517e-10
2.280342000000000062e-05 4.582175282253137786e-10
2.376840000000000100e-05 4.979914570920745194e-10
2.477421999999999876e-05 5.411254950925712949e-10
2.582259999999999905e-05 5.878949552915086544e-10
2.691534999999999972e-05 6.385969893194413689e-10
2.805433999999999947e-05 6.935522345632553344e-10
2.924151999999999917e-05 7.531066156985319149e-10
3.047895000000000064e-05 8.176332689753498545e-10
3.176874000000000240e-05 8.875345590980636434e-10
3.311311000000000050e-05 9.632443606515509977e-10
3.451437000000000070e-05 1.045230446684517268e-09
3.597493000000000218e-05 1.133996956606001759e-09
3.749729999999999757e-05 1.230087171206129883e-09
3.908409000000000004e-05 1.334086492914244327e-09
4.073802999999999729e-05 1.446625541242824583e-09
4.246195999999999825e-05 1.568383524076136866e-09
4.425883999999999992e-05 1.700091860564728077e-09
4.613176000000000163e-05 1.842538128211892636e-09
4.808392999999999755e-05 1.996570083306896250e-09
5.011871999999999980e-05 2.163100275372348932e-09
5.223962000000000180e-05 2.343110630972318448e-09
5.445027000000000070e-05 2.537657654035438439e-09
5.675445999999999735e-05 2.747878072190444274e-09
5.915615999999999843e-05 2.974994395754033978e-09
6.165949999999999469e-05 3.220321366267844211e-09
6.426877000000000165e-05 3.485272519014374138e-09
6.698845999999999458e-05 3.771367773714933238e-09
6.982324000000000202e-05 4.080240877914462770e-09
7.277797999999999874e-05 4.413647402540303872e-09
7.585776000000000129e-05 4.773474021331886702e-09
7.906785999999999958e-05 5.161748211961517348e-09
8.241381000000000097e-05 5.580647465567681166e-09
8.590135000000000045e-05 6.032510916300550774e-09
8.953647999999999761e-05 6.519850762224634485e-09
9.332542999999999460e-05 7.045364704616613293e-09
9.727472000000000028e-05 7.611949378682825398e-09
1.013910999999999990e-04 8.222714880989341778e-09
1.056817999999999950e-04 8.880998798298524087e-09
1.101538999999999958e-04 9.590384097884522174e-09
1.148154000000000053e-04 1.035471606204210071e-08
1.196740999999999999e-04 1.117812173191744717e-08
1.247383999999999982e-04 1.206502804740302413e-08
1.300170000000000123e-04 1.302018585701398103e-08
1.355189000000000079e-04 1.404869142135866352e-08
1.412538000000000129e-04 1.515601301916503135e-08
1.472312999999999942e-04 1.634801435066719626e-08
1.534616999999999947e-04 1.763098669510764183e-08
1.599558000000000110e-04 1.901167664025011023e-08
1.667247000000000065e-04 2.049731898348968734e-08
1.737801000000000135e-04 2.209567619299864815e-08
1.811340000000000042e-04 2.381506866166331749e-08
1.887990999999999996e-04 2.566442087751367826e-08
1.967886000000000017e-04 2.765330275935412158e-08
2.051161999999999929e-04 2.979197763519919775e-08
2.137961999999999979e-04 3.209144834025543431e-08
2.228435000000000019e-04 3.456351693023305189e-08
2.322737000000000120e-04 3.722083634003683735e-08
2.421028999999999889e-04 4.007697574250841066e-08
2.523480999999999836e-04 4.314649087485031530e-08
2.630267999999999734e-04 4.644498193844451186e-08
2.741573999999999986e-04 4.998918578506806793e-08
2.857590999999999929e-04 5.379704979567410470e-08
2.978516000000000063e-04 5.788782316058603346e-08
3.104560000000000240e-04 6.228215065097539549e-08
3.235937000000000253e-04 6.700217634420063590e-08
3.372873000000000190e-04 7.207164835565511092e-08
3.515603999999999756e-04 7.751604379496623024e-08
3.664375999999999896e-04 8.336268466779204913e-08
3.819442999999999948e-04 8.964088837777344447e-08
3.981071999999999888e-04 9.638208832296639418e-08
4.149539999999999848e-04 1.036200125940844392e-07
4.325137999999999856e-04 1.113908306350684448e-07
4.508167000000000099e-04 1.197333337320540690e-07
4.698940999999999773e-04 1.286891231926932106e-07
4.897788000000000141e-04 1.383028040909341962e-07
5.105049999999999649e-04 1.486222062659233982e-07
5.321082999999999889e-04 1.596985692056329754e-07
5.546257000000000183e-04 1.715868417638562892e-07
5.780959999999999484e-04 1.843458331114399474e-07
6.025596000000000034e-04 1.980386115855954695e-07
6.280584000000000514e-04 2.127326182486475214e-07
6.546361999999999581e-04 2.284999992848791610e-07
6.823387000000000202e-04 2.454180557201992085e-07
7.112134999999999898e-04 2.635693504215326116e-07
7.413101999999999756e-04 2.830420678768775236e-07
7.726805999999999692e-04 3.039305430933096856e-07
8.053783999999999596e-04 3.263353425296989755e-07
8.394599999999999892e-04 3.503639109777439128e-07
8.749838000000000234e-04 3.761307465423085299e-07
9.120108000000000468e-04 4.037579607260451121e-07
9.506048000000000232e-04 4.333755647784831356e-07
9.908319000000000501e-04 4.651220908194368617e-07
1.032761000000000096e-03 4.991447970083999119e-07
1.076464999999999974e-03 5.356003110678066500e-07
1.122018000000000017e-03 5.746548825997383978e-07
1.169499000000000059e-03 6.164849074213671651e-07
1.218990000000000091e-03 6.612772062221239403e-07
1.270574000000000009e-03 7.092293048455293796e-07
1.324342000000000054e-03 7.605496724869285817e-07
1.380383999999999908e-03 8.154578891468666090e-07
1.438798999999999937e-03 8.741846474952446322e-07
1.499684999999999950e-03 9.369716170776602632e-07
1.563148000000000098e-03 1.004071388234966539e-06
1.629295999999999913e-03 1.075746945110885364e-06
1.698244000000000012e-03 1.152271124834707594e-06
1.770108999999999962e-03 1.233925993790470531e-06
1.845014999999999980e-03 1.321001692773534132e-06
1.923091999999999944e-03 1.413794890156057363e-06
2.004472000000000198e-03 1.512607107417029873e-06
2.089296000000000035e-03 1.617742239828927408e-06
2.177709999999999802e-03 1.729503584051414476e-06
2.269864999999999817e-03 1.848190277543541605e-06
2.365920000000000089e-03 1.974093451484581979e-06
2.466039000000000165e-03 2.107490805966769249e-06
2.570395999999999966e-03 2.248640829698580404e-06
2.679168000000000001e-03 2.397775323189197616e-06
2.792544000000000103e-03 2.555092464416440026e-06
2.910717000000000165e-03 2.720746229243676489e-06
3.033890999999999932e-03 2.894836024849597793e-06
3.162278000000000137e-03 3.077395065780829441e-06
3.296097000000000003e-03 3.268375117557344043e-06
3.435578999999999803e-03 3.467632756647566721e-06
3.580963999999999849e-03 3.674911678494642222e-06
3.732501999999999955e-03 3.889823959549205781e-06
3.890451000000000065e-03 4.111830189934873114e-06
4.055084999999999940e-03 4.340217913619852400e-06
4.226686000000000332e-03 4.574078731637024677e-06
4.405548999999999923e-03 4.812286709021504930e-06
4.591979999999999847e-03 5.053473139198486136e-06
4.786300999999999750e-03 5.296006492529058506e-06
4.988845000000000432e-03 5.537971566066637505e-06
5.199959999999999999e-03 5.777152445326128551e-06
5.420008999999999938e-03 6.011020901709820420e-06
5.649369999999999913e-03 6.236732986440547714e-06
5.888436999999999838e-03 6.451132000288146195e-06
6.137619999999999881e-03 6.650768454355186372e-06
6.397347999999999750e-03 6.831930988691093271e-06
6.668068000000000085e-03 6.990699469899140214e-06
6.950243000000000046e-03 7.123017844460851318e-06
7.244360000000000036e-03 7.224795638649897366e-06
7.550921999999999842e-03 7.292033459210297267e-06
7.870458000000000315e-03 7.320983482331958868e-06
8.203514999999999766e-03 7.308337897576625000e-06
8.550666999999999643e-03 7.251446013045186331e-06
8.912509000000000750e-03 7.148558895540457966e-06
9.289663999999999561e-03 6.999087980155811346e-06
9.682779000000000733e-03 6.803865359910933540e-06
1.009253000000000060e-02 6.684822231142307253e-06
1.051962000000000036e-02 6.576959586211938257e-06
1.096478000000000036e-02 6.480483366367573388e-06
1.142877999999999949e-02 6.395601383429689494e-06
1.191241999999999995e-02 6.322515442042827609e-06
1.241652000000000033e-02 6.261405809972546389e-06
1.294196000000000062e-02 6.212420164971414546e-06
1.348963000000000072e-02 6.175653676553356567e-06
1.406048000000000020e-02 6.151132507999147927e-06
1.465548000000000024e-02 6.138790991126015238e-06
1.527565999999999993e-02 6.138449126740315344e-06
1.592208999999999985e-02 6.149785792988496868e-06
1.659586999999999868e-02 6.172317541853058916e-06
1.729815999999999993e-02 6.205373466408640045e-06
1.803017999999999982e-02 6.248074720085759690e-06
1.879317000000000140e-02 6.299320635270322495e-06
1.958845000000000031e-02 6.357784981390558396e-06
2.041737999999999886e-02 6.421920897540122603e-06
2.128139000000000072e-02 6.489987722129432402e-06
2.218196000000000057e-02 6.560093835762380332e-06
2.312064999999999954e-02 6.630267124555185662e-06
2.409905000000000033e-02 6.698553722035749198e-06
2.511885999999999980e-02 6.763141536739959085e-06
2.618182999999999969e-02 6.822517520198935355e-06
2.728977999999999959e-02 6.875637535425591039e-06
2.844460999999999865e-02 6.922110815148250381e-06
2.964831000000000064e-02 6.962372203145280231e-06
3.090294999999999848e-02 6.997819360022426122e-06
3.221069000000000015e-02 7.030880884778302577e-06
3.357376000000000110e-02 7.064980969678377688e-06
3.499452000000000118e-02 7.104362418275856555e-06
3.647539000000000337e-02 7.153742544576448236e-06
3.801894000000000107e-02 7.217793061143003600e-06
3.962779999999999775e-02 7.300471850933449768e-06
4.130475000000000119e-02 7.404272978435445672e-06
4.305265999999999954e-02 7.529524085766519596e-06
4.487453999999999749e-02 7.673899665233955869e-06
4.677350999999999731e-02 7.832355599381597813e-06
4.875285000000000035e-02 7.997668823866537342e-06
5.081593999999999695e-02 8.161675767996889178e-06
5.296634000000000064e-02 8.317134375140167255e-06
5.520773999999999820e-02 8.459871332095227544e-06
5.754399000000000319e-02 8.590617980293256323e-06
5.997911000000000215e-02 8.715742532678361540e-06
6.251726999999999979e-02 8.846147642015934087e-06
6.516283999999999965e-02 8.994040764894751237e-06
6.792035999999999907e-02 9.168148630824850799e-06
7.079457999999999585e-02 9.369023407124587845e-06
7.379041999999999546e-02 9.586889562282379290e-06
7.691304000000000196e-02 9.804275611986669746e-06
8.016781000000000601e-02 1.000384832794194163e-05
8.356030000000000402e-02 1.017862597431026884e-05
8.709635999999999767e-02 1.033860717263978407e-05
9.078205000000000302e-02 1.050749053351855532e-05
9.462371999999999450e-02 1.070800528925134668e-05
9.862795000000000589e-02 1.094350446186960585e-05
1.028016000000000069e-01 1.119080368893312231e-05
1.071518999999999944e-01 1.141554224410999204e-05
1.116863000000000022e-01 1.160296180579962616e-05
1.164126000000000050e-01 1.177607688533602274e-05
1.213388999999999995e-01 1.197522549415227077e-05
1.264735999999999916e-01 1.221103386639066799e-05
1.318256999999999901e-01 1.244525476842027013e-05
1.374042000000000041e-01 1.263696374435039219e-05
1.432188000000000072e-01 1.280399764989032139e-05
1.492794000000000065e-01 1.300191613066402623e-05
1.555966000000000016e-01 1.323000325233241629e-05
1.621809999999999918e-01 1.341836606455434311e-05
1.690441000000000027e-01 1.355288260394640174e-05
1.761976000000000098e-01 1.369391112626700787e-05
1.836538000000000059e-01 1.384787062216462208e-05
1.914256000000000013e-01 1.395592584067489574e-05
1.995261999999999869e-01 1.402229363088015825e-05
2.079697000000000073e-01 1.413958256807018132e-05
2.167704000000000020e-01 1.424490809706480037e-05
2.259435999999999944e-01 1.430176629304575887e-05
2.355048999999999892e-01 1.441917651972398701e-05
2.454708999999999919e-01 1.448893314116111174e-05
2.558585999999999916e-01 1.454210425226451636e-05
2.666858999999999758e-01 1.462734486667077940e-05
2.779712999999999767e-01 1.464876416247759154e-05
2.897344000000000031e-01 1.471707952669155554e-05
3.019952000000000192e-01 1.473048098281765242e-05
3.147748000000000212e-01 1.477099271329285470e-05
3.280952999999999786e-01 1.477415705361207522e-05
3.419793999999999889e-01 1.480028850809040109e-05
3.564511000000000207e-01 1.478195398959958154e-05
3.715352000000000099e-01 1.479009725865113040e-05
3.872575999999999796e-01 1.476559691882647267e-05
4.036453999999999875e-01 1.475694394088498071e-05
4.207266000000000061e-01 1.474188864345501152e-05
4.385306999999999955e-01 1.470437530370715231e-05
4.570882000000000001e-01 1.465482653808509143e-05
4.764309999999999934e-01 1.460664731824082074e-05
4.965922999999999865e-01 1.455207261217637698e-05
5.176068000000000335e-01 1.448907165493682584e-05
5.395105999999999513e-01 1.442716035239127827e-05
5.623413000000000439e-01 1.436594474094973744e-05
5.861382000000000536e-01 1.429908148824654990e-05
6.109419999999999851e-01 1.422785041348200599e-05
6.367954999999999588e-01 1.416704793717197457e-05
6.637431000000000303e-01 1.410398272014382871e-05
6.918309999999999738e-01 1.404229323353827474e-05
7.211075000000000124e-01 1.397245148072816015e-05
7.516228999999999827e-01 1.390612483977668489e-05
7.834295999999999482e-01 1.388266128606920306e-05
8.165824000000000416e-01 1.378683163619479795e-05
8.511379999999999502e-01 1.375619873844976770e-05
8.871559999999999446e-01 1.371043509304597714e-05
9.246982000000000257e-01 1.361958470380829231e-05
9.638290000000000468e-01 1.364790023438961739e-05
1.004615999999999953e+00 1.351608754005204782e-05
1.047128999999999976e+00 1.357124132130204014e-05
1.091439999999999966e+00 1.341873605027744232e-05
1.137626999999999944e+00 1.347988702481893670e-05
1.185769000000000073e+00 1.333695061630028246e-05
1.235946999999999907e+00 1.337413193774362601e-05
1.288249999999999895e+00 1.333768952877053182e-05
1.342764999999999986e+00 1.322079731926578520e-05
1.399586999999999914e+00 1.333318289551418964e-05
1.458814000000000055e+00 1.313976068389026102e-05
1.520548000000000011e+00 1.316090466590311240e-05
1.584893000000000107e+00 1.321508280858324762e-05
1.651961999999999930e+00 1.298352399608571940e-05
1.721869000000000094e+00 1.305322876610258011e-05
1.794734000000000052e+00 1.316612763687215670e-05
1.870681999999999956e+00 1.295569656308193077e-05
1.949845000000000050e+00 1.288722276970762228e-05
2.032357000000000191e+00 1.306204377140873501e-05
2.118361000000000161e+00 1.300972096458898050e-05
2.208004999999999995e+00 1.276985951743577041e-05
2.301442000000000210e+00 1.276654122650353474e-05
2.398833000000000215e+00 1.294645764600559078e-05
2.500344999999999818e+00 1.291426841466374110e-05
2.606154000000000082e+00 1.264440749010678997e-05
2.716438999999999826e+00 1.248988044319187239e-05
2.831392000000000131e+00 1.262240349279051554e-05
2.951208999999999971e+00 1.284812346370846424e-05
3.076096999999999859e+00 1.277137730428687573e-05
3.206268999999999814e+00 1.256277079330881938e-05
3.341950000000000198e+00 1.243624695029345191e-05
3.483372999999999831e+00 1.230756653306914600e-05
3.630780999999999814e+00 1.247673275760706729e-05
3.784425999999999846e+00 1.267090765464669284e-05
3.944573000000000107e+00 1.266378173738588780e-05
4.111496999999999957e+00 1.264210368675698707e-05
4.285485000000000433e+00 1.224902074172286100e-05
4.466835999999999807e+00 1.217814994120436970e-05
4.655860999999999805e+00 1.192969884899415532e-05
4.852884999999999671e+00 1.211860181769040684e-05
5.058246999999999716e+00 1.220791429331747950e-05
5.272299000000000291e+00 1.236040319468444731e-05
5.495409000000000432e+00 1.255991518206826072e-05
5.727960000000000385e+00 1.238160276359405484e-05
5.970353000000000243e+00 1.242594123044853165e-05
6.223003000000000284e+00 1.210088151958288914e-05
6.486343999999999888e+00 1.170278754815437359e-05
6.760830000000000339e+00 1.176158382968411280e-05
7.046930999999999834e+00 1.164384777344861892e-05
7.345138999999999641e+00 1.138377311829094847e-05
7.655966000000000271e+00 1.169716704373099323e-05
7.979947000000000124e+00 1.197372750335937548e-05
8.317638000000000531e+00 1.168778969921479161e-05
8.669619000000000852e+00 1.196426679841801330e-05
9.036495000000000388e+00 1.219199292345282992e-05
9.418896000000000157e+00 1.238888124896533533e-05
9.817479000000000511e+00 1.211049011299944133e-05
1.023292999999999964e+01 1.202747907495848781e-05
1.066596000000000011e+01 1.201609967131525825e-05
1.111731999999999942e+01 1.212399989610127457e-05
1.158777000000000079e+01 1.175332787552186905e-05
1.207813999999999943e+01 1.162702948623425738e-05
1.258924999999999983e+01 1.107674731858394884e-05
1.312199999999999989e+01 1.106778114868547237e-05
1.367728999999999928e+01 1.144306013616519090e-05
1.425608000000000075e+01 1.106500496583074541e-05
1.485936000000000057e+01 1.112623747278605067e-05
1.548817000000000021e+01 1.094572424976405618e-05
1.614358999999999966e+01 1.017960984536593681e-05
1.682674000000000092e+01 1.048325524399952474e-05
1.753881000000000157e+01 1.069809357300280240e-05
1.828099999999999881e+01 1.105949915173599682e-05
1.905461000000000027e+01 1.085536094205653548e-05
1.986094999999999899e+01 1.141015834008892883e-05
2.070140999999999920e+01 1.143019930131915880e-05
2.157743999999999929e+01 1.094055941677767204e-05
2.249054999999999893e+01 1.073370365328942422e-05
2.344228999999999985e+01 1.064059577532081442e-05
2.443430999999999997e+01 1.094973090133161819e-05
2.546829999999999927e+01 1.132866934446402098e-05
2.654606000000000066e+01 1.079004091441941176e-05
2.766941999999999879e+01 1.116787090397097108e-05
2.884031999999999840e+01 1.136499247550422384e-05
3.006075999999999837e+01 1.180646944900217008e-05
3.133286000000000016e+01 1.179245067220341153e-05
3.265878000000000014e+01 1.217923565617861549e-05
3.404081999999999653e+01 1.142154232354461269e-05
3.548134000000000299e+01 1.081689679368406831e-05
3.698281999999999670e+01 1.128324347166013561e-05
3.854784000000000077e+01 1.075959233699691078e-05
4.017907999999999902e+01 1.099359496198342210e-05
4.187935999999999837e+01 1.102330483922644352e-05
4.365158000000000271e+01 1.061496888605965654e-05
4.549880999999999887e+01 1.058525203863330703e-05
4.742419999999999902e+01 1.084411282357697142e-05
4.943106999999999829e+01 1.037960905433047809e-05
5.152286000000000143e+01 9.875437253112990662e-06
5.370318000000000325e+01 9.748743914994316935e-06
5.597576000000000107e+01 1.033214134860984784e-05
5.834450999999999965e+01 9.893202720320627501e-06
6.081349999999999767e+01 1.043284488765222571e-05
6.338696999999999804e+01 1.107781487853551458e-05
6.606933999999999685e+01 1.052085097304768146e-05
6.886522999999999683e+01 1.113017841740285451e-05
7.177943000000000495e+01 1.054017970818334280e-05
7.481695000000000562e+01 1.006094916178389217e-05
7.798300999999999306e+01 9.935231573773707259e-06
8.128305000000000291e+01 1.059378564035300067e-05
8.472274000000000171e+01 1.094330799595911340e-05
8.830799000000000376e+01 1.071431453880833378e-05
9.204496000000000322e+01 9.950414153992697672e-06
9.594006000000000256e+01 9.413286454024505015e-06
1.000000000000000000e+02 1.008327973145620934e-05
1.042317000000000036e+02 9.653322164865013664e-06
1.086426000000000016e+02 9.514840105046173509e-06
1.132399999999999949e+02 8.679064173038883047e-06
1.180320999999999998e+02 9.600442547080186796e-06
1.230268999999999977e+02 9.569528401058132326e-06
1.282331000000000074e+02 9.309967643731397973e-06
1.336596000000000117e+02 9.320965715213223212e-06
1.393156999999999925e+02 9.738643196333928993e-06
1.452111999999999910e+02 9.156273863340107084e-06
1.513560999999999979e+02 8.694145159170248887e-06
1.577610999999999990e+02 9.095319009675931237e-06
1.644371999999999900e+02 9.287446062120231901e-06
1.713957000000000050e+02 9.016567252483974717e-06
1.786487999999999943e+02 9.062048993000158361e-06
1.862086999999999932e+02 9.634002996027509795e-06
1.940886000000000138e+02 9.557021125314136160e-06
2.023018999999999892e+02 8.986905051335919811e-06
2.108627999999999929e+02 9.733620247322042495e-06
2.197860000000000014e+02 9.052029921124359171e-06
2.290868000000000109e+02 9.226876163787658212e-06
2.387811000000000092e+02 7.934093161898567333e-06
2.488857000000000141e+02 7.893855021792029305e-06
2.594178999999999746e+02 8.008752952734590904e-06
2.703958000000000084e+02 7.327697461697558901e-06
2.818383000000000038e+02 8.314555867424215359e-06
2.937649999999999864e+02 8.538384461647327697e-06
3.061963000000000079e+02 7.891528539903032874e-06
3.191537999999999897e+02 7.728603169515686319e-06
3.326596000000000117e+02 8.559382956016762102e-06
3.467368999999999915e+02 7.924562639879303215e-06
3.614098999999999933e+02 7.348889041458739080e-06
3.767038000000000011e+02 7.271795283945916766e-06
3.926449000000000069e+02 7.291657581729510692e-06
4.092606999999999857e+02 7.616387678698725973e-06
4.265794999999999959e+02 7.451802725033228251e-06
4.446313000000000102e+02 7.604558451788993563e-06
4.634469000000000278e+02 7.690691688938546634e-06
4.830588000000000193e+02 7.223114575002488124e-06
5.035006000000000199e+02 6.991821960672460892e-06
5.248075000000000045e+02 7.838189031107002598e-06
5.470159999999999627e+02 7.385815684961918790e-06
5.701643000000000256e+02 6.103286108583907751e-06
5.942921999999999798e+02 6.851082095313294079e-06
6.194411000000000058e+02 6.593985443431385959e-06
6.456541999999999462e+02 6.620409935408219380e-06
6.729767000000000507e+02 6.766231633984536451e-06
7.014552999999999656e+02 5.899829230672585853e-06
7.311390999999999849e+02 7.000738917354134505e-06
7.620789999999999509e+02 6.303136329049052331e-06
7.943282000000000380e+02 6.389506044742580961e-06
8.279421999999999571e+02 5.944818328199455739e-06
8.629785000000000537e+02 6.450745572548471258e-06
8.994976000000000340e+02 5.996329427041966883e-06
9.375620000000000118e+02 5.673764687505410279e-06
9.772372000000000298e+02 6.199045117822888631e-06
1.018591000000000008e+03 6.477849770402387197e-06
1.061695999999999913e+03 5.847036269980329090e-06
1.106624000000000024e+03 5.999504327973322206e-06
1.153452999999999975e+03 5.520017511162559364e-06
1.202263999999999896e+03 5.793398732078467798e-06
1.253141000000000076e+03 5.043556113875445630e-06
1.306171000000000049e+03 5.924419875773363710e-06
1.361444999999999936e+03 5.588263061756751173e-06
1.419057999999999993e+03 5.636365825694440764e-06
1.479107999999999947e+03 5.484106442425747566e-06
1.541700000000000045e+03 4.899209071136552735e-06
1.606941000000000031e+03 4.904811391807791983e-06
1.674942999999999984e+03 5.227348561364622472e-06
1.745821999999999889e+03 4.137073286311905942e-06
1.819701000000000022e+03 4.775719067570036757e-06
1.896705999999999904e+03 4.667980058504163651e-06
1.976970000000000027e+03 4.078939619238733552e-06
2.060630000000000109e+03 5.199161869810478162e-06
2.147829999999999927e+03 4.225082779426791845e-06
2.238721000000000004e+03 4.306251377719550971e-06
2.333458000000000084e+03 4.418155318564851777e-06
2.432204000000000178e+03 4.286307610641742036e-06
2.535128999999999905e+03 3.716501355609638258e-06
2.642409000000000106e+03 4.113050217990534510e-06
2.754228999999999814e+03 4.326441556018544265e-06
2.870780999999999949e+03 4.526333540144734515e-06
2.992264999999999873e+03 3.973244113467708471e-06
3.118889999999999873e+03 3.525967445618443064e-06
3.250873000000000047e+03 3.694781567631943245e-06
3.388442000000000007e+03 4.043711427842037972e-06
3.531831999999999880e+03 3.418263565048793570e-06
3.681289999999999964e+03 3.249779676274903871e-06
3.837072000000000116e+03 3.777850944876169398e-06
3.999447000000000116e+03 3.314626525672363712e-06
4.168694000000000415e+03 3.426696202593003253e-06
4.345101999999999862e+03 3.354554432176653289e-06
4.528975999999999658e+03 3.110545131665388886e-06
4.720630000000000109e+03 3.358634879128894608e-06
4.920395000000000437e+03 3.172499627080110400e-06
5.128613999999999578e+03 2.931337891475261837e-06
5.345644000000000233e+03 2.971731229755573248e-06
5.571856999999999971e+03 2.815770191845414451e-06
5.807644000000000233e+03 3.059516132892210046e-06
6.053408999999999651e+03 3.144775678920156897e-06
6.309573000000000320e+03 2.882305516126351924e-06
6.576578000000000429e+03 2.851307804529654845e-06
6.854881999999999607e+03 2.707311613750635928e-06
7.144962999999999738e+03 2.527869361671661659e-06
7.447319999999999709e+03 2.493594040525410005e-06
7.762470999999999549e+03 2.737536377882796558e-06
8.090958999999999833e+03 2.687394506628387134e-06
8.433347999999999956e+03 2.424227077897949244e-06
8.790225000000000364e+03 2.480881597166675213e-06
9.162204999999999927e+03 2.224299614444948639e-06
9.549925999999999476e+03 2.387409287494219289e-06
9.954054000000000087e+03 2.098918307220166260e-06
1.037528000000000065e+04 1.929015533376693333e-06
1.081434000000000015e+04 2.337758062773097560e-06
1.127196999999999935e+04 1.964141758269355242e-06
1.174897999999999956e+04 1.900224165901809640e-06
1.224615999999999985e+04 2.122176962287948698e-06
1.276438999999999942e+04 2.062272671866392525e-06
1.330454000000000087e+04 1.859631462452265559e-06
1.386755999999999949e+04 1.839058262202130966e-06
1.445439999999999964e+04 1.730446444806938542e-06
1.506606999999999971e+04 1.750320682828034479e-06
1.570362999999999920e+04 1.736597797372358412e-06
1.636817000000000007e+04 1.790603429953343316e-06
1.706081999999999971e+04 1.776829026198952498e-06
1.778279000000000087e+04 1.729357729670218621e-06
1.853531999999999971e+04 1.675892328235323363e-06
1.931968000000000029e+04 1.588211265873242253e-06
2.013724000000000160e+04 1.434295334107320967e-06
2.098940000000000146e+04 1.714975207443008871e-06
2.187761999999999898e+04 1.283479797689913160e-06
2.280341999999999825e+04 1.401927203734932133e-06
2.376840000000000146e+04 1.296973893463981024e-06
2.477422000000000116e+04 1.367239088850380984e-06
2.582259999999999854e+04 1.276803619269776920e-06
2.691534999999999854e+04 1.394883018678845870e-06
2.805434000000000015e+04 1.321610586292815738e-06
2.924152000000000044e+04 1.456934923054424118e-06
3.047895000000000073e+04 1.159323498354073924e-06
3.176874000000000160e+04 1.165531138093837043e-06
3.311311000000000058e+04 1.242412379467565436e-06
3.451437000000000262e+04 1.078169361279404231e-06
3.597493000000000029e+04 1.062049811306762842e-06
3.749730000000000291e+04 1.131733303183409845e-06
3.908408999999999651e+04 1.089194296529602633e-06
4.073802999999999884e+04 1.070128590638000550e-06
4.246195999999999913e+04 8.899805280090972816e-07
4.425883999999999651e+04 9.715388175728545494e-07
4.613176000000000204e+04 1.010743894779307899e-06
4.808393000000000029e+04 1.012716342289501300e-06
5.011872000000000116e+04 8.621205981567332216e-07
5.223962000000000262e+04 7.317624058496425746e-07
5.445026999999999680e+04 8.688721090993373752e-07
5.675445999999999913e+04 8.749112697971345422e-07
5.915616000000000349e+04 7.748553327689915127e-07
6.165950000000000000e+04 7.384374213842508869e-07
6.426876999999999680e+04 6.914863725896257506e-07
6.698846000000000640e+04 7.769997946966273482e-07
6.982324000000000524e+04 7.057769974499905643e-07
7.277797999999999593e+04 6.400925891660648636e-07
7.585775999999999476e+04 6.750415023273155377e-07
7.906786000000000058e+04 6.890921738807785078e-07
8.241380999999999767e+04 6.370325821894076081e-07
8.590135000000000582e+04 6.162304211666843826e-07
8.953647999999999593e+04 6.592375232950004330e-07
9.332542999999999302e+04 6.622537707732173163e-07
9.727472000000000116e+04 5.903510833511160149e-07
1.013911000000000058e+05 5.678867997179038005e-07
1.056818000000000029e+05 5.311901563831916345e-07
1.101538999999999942e+05 4.879698008915140988e-07
1.148153999999999942e+05 5.311225474847012983e-07
1.196741000000000058e+05 4.861774777341770662e-07
1.247383999999999942e+05 4.965355312836609177e-07
1.300170000000000000e+05 5.006719577662398224e-07
1.355188999999999942e+05 4.624160807426073923e-07
1.412537999999999884e+05 4.165565773197270284e-07
1.472312999999999884e+05 4.152045654532490257e-07
1.534617000000000116e+05 4.060416941164566067e-07
1.599557999999999884e+05 4.033922463084603974e-07
1.667247000000000116e+05 3.529323384283672546e-07
1.737801000000000058e+05 3.237287540975069729e-07
1.811340000000000000e+05 3.502657453999519601e-07
1.887991000000000058e+05 3.935722756236772316e-07
1.967886000000000058e+05 3.654100271054246651e-07
2.051162000000000116e+05 3.299046217539925621e-07
2.137962000000000116e+05 2.795081807823258323e-07
2.228435000000000000e+05 3.532597805555272177e-07
2.322737000000000116e+05 2.842566748338811569e-07
2.421028999999999942e+05 2.851578448508704910e-07
2.523481000000000058e+05 2.659539247864663487e-07
2.630267999999999884e+05 2.877599228422292238e-07
2.741574000000000233e+05 2.482178202680778960e-07
2.857590999999999767e+05 2.640079920965483770e-07
2.978515999999999767e+05 2.302526909542712931e-07
3.104560000000000000e+05 2.566973611267401352e-07
3.235937000000000116e+05 2.237729468677822277e-07
3.372872999999999884e+05 2.158562818696546671e-07
3.515604000000000233e+05 1.962428332252007510e-07
3.664375999999999767e+05 1.905054766254198035e-07
3.819442999999999884e+05 1.760936398714625975e-07
3.981072000000000116e+05 1.878292924036183274e-07
4.149540000000000000e+05 1.901468258985598564e-07
4.325137999999999884e+05 1.771333412912860228e-07
4.508167000000000116e+05 1.531002540875912099e-07
4.698940999999999767e+05 1.438299407390841888e-07
4.897787999999999884e+05 1.738245811466836322e-07
5.105050000000000000e+05 1.578140977522757890e-07
5.321083000000000466e+05 1.484759887822395276e-07
5.546256999999999534e+05 1.503522080396077457e-07
5.780960000000000000e+05 1.478008623537297105e-07
6.025595999999999767e+05 1.260880721584554397e-07
6.280584000000000233e+05 1.401595937513989422e-07
6.546361999999999534e+05 1.161719437903578218e-07
6.823386999999999534e+05 1.155380224337270843e-07
7.112135000000000000e+05 1.076275387631974586e-07
7.413101999999999534e+05 1.058809024566323075e-07
7.726805999999999767e+05 1.062422525833092460e-07
8.053784000000000233e+05 1.054365586221942101e-07
8.394600000000000000e+05 9.517270675788296138e-08
8.749838000000000466e+05 7.471759746133871985e-08
9.120108000000000466e+05 8.164457274590095559e-08
9.506048000000000466e+05 7.150412676123673853e-08
9.908319000000000233e+05 6.571981584619144595e-08
1.032761000000000000e+06 7.681498696354658297e-08
1.076465000000000000e+06 8.031513995645993215e-08
1.122018000000000000e+06 6.957465691332659845e-08
1.169499000000000000e+06 6.473779369379126420e-08
1.218990000000000000e+06 6.521159503259945444e-08
1.270574000000000000e+06 6.009573123925650090e-08
1.324342000000000000e+06 4.773422985266212244e-08
1.380384000000000000e+06 5.916668360421389767e-08
1.438799000000000000e+06 4.338310666139027754e-08
1.499685000000000000e+06 5.241429413006423486e-08
1.563148000000000000e+06 4.211189500579262318e-08
1.629296000000000000e+06 3.770104420902014527e-08
1.698244000000000000e+06 3.624991688796573837e-08
1.770109000000000000e+06 3.293592718916785932e-08
1.845015000000000000e+06 2.982833813780343552e-08
1.923092000000000000e+06 3.464073398167056457e-08
2.004472000000000000e+06 3.182056074147566453e-08
2.089296000000000000e+06 3.033437560785795059e-08
2.177710000000000000e+06 3.400883727398927230e-08
2.269865000000000000e+06 3.217547482965063422e-08
2.365920000000000000e+06 2.953123433983392310e-08
2.466039000000000000e+06 2.370162749202232420e-08
2.570396000000000000e+06 2.378013363492474809e-08
2.679168000000000000e+06 2.210453320012753653e-08
2.792544000000000000e+06 1.980749211307300690e-08
2.910717000000000000e+06 1.862180593871862272e-08
3.033891000000000000e+06 1.610947075497158630e-08
3.162278000000000000e+06 1.954634630003556679e-08
3.296097000000000000e+06 1.604864772862570560e-08
3.435579000000000000e+06 1.496349086725589236e-08
3.580964000000000000e+06 1.403503108493072595e-08
3.732502000000000000e+06 1.376014152896180437e-08
3.890451000000000000e+06 1.160040241841564328e-08
4.055085000000000000e+06 1.096793963931244843e-08
4.226686000000000000e+06 1.235155059472306353e-08
4.405549000000000000e+06 1.035831720577518416e-08
4.591980000000000000e+06 9.580981372229454656e-09
4.786301000000000000e+06 1.008360393973840080e-08
4.988845000000000000e+06 7.586592098350857671e-09
5.199960000000000000e+06 6.720723167170218627e-09
5.420009000000000000e+06 8.044261947598981603e-09
5.649370000000000000e+06 6.847358434687532913e-09
5.888437000000000000e+06 6.868332188564308970e-09
6.137620000000000000e+06 6.931790202044384089e-09
6.397348000000000000e+06 5.892637475790400909e-09
6.668068000000000000e+06 5.768052413059889083e-09
6.950243000000000000e+06 4.864507923803046438e-09
7.244360000000000000e+06 5.190689991610845474e-09
7.550922000000000000e+06 4.914784653038464856e-09
7.870458000000000000e+06 4.362494530030044455e-09
8.203515000000000000e+06 3.894241214759608618e-09
8.550667000000000000e+06 3.694244140106007839e-09
8.912509000000000000e+06 3.445398148656550265e-09
9.289664000000000000e+06 3.252417915948765969e-09
9.682779000000000000e+06 3.194630149542811285e-09
1.009253000000000000e+07 2.874155884418111216e-09
1.051962000000000000e+07 2.785247051598668357e-09
1.096478000000000000e+07 2.627355266875760473e-09
1.142878000000000000e+07 2.382167655051319373e-09
1.191242000000000000e+07 2.009572151229010460e-09
1.241652000000000000e+07 2.317823744488229352e-09
1.294196000000000000e+07 1.455165184720619135e-09
1.348963000000000000e+07 1.612948235452659488e-09
1.406048000000000000e+07 1.450721346714569454e-09
1.465548000000000000e+07 1.391828533204351703e-09
1.527566000000000000e+07 1.215237802381809038e-09
1.592209000000000000e+07 1.184311813562034121e-09
1.659587000000000000e+07 1.136810782489784369e-09
1.729816000000000000e+07 9.699341463408276551e-10
1.803018000000000000e+07 1.058412032868831330e-09
1.879317000000000000e+07 9.124193759924490718e-10
1.958845000000000000e+07 7.990189531375110289e-10
2.041738000000000000e+07 8.064194844839383257e-10
2.128139000000000000e+07 7.711546499182674243e-10
2.218196000000000000e+07 6.370711633317130575e-10
2.312065000000000000e+07 5.671656464465576914e-10
2.409905000000000000e+07 5.145721465454044300e-10
2.511886000000000000e+07 5.120790511256003504e-10
2.618183000000000000e+07 4.606016957291122962e-10
2.728978000000000000e+07 4.855801788843470431e-10
2.844461000000000000e+07 3.873407021222798691e-10
2.964831000000000000e+07 4.114259731391728955e-10
3.090295000000000000e+07 3.934201097521474745e-10
3.221069000000000000e+07 3.173894583051559359e-10
3.357376000000000000e+07 3.260028693396301560e-10
3.499452000000000000e+07 3.153691246145706937e-10
3.647539000000000000e+07 2.897784747259953220e-10
3.801894000000000000e+07 2.463369806210562907e-10
3.962780000000000000e+07 1.945341453487336668e-10
4.130475000000000000e+07 2.424207450243958683e-10
4.305266000000000000e+07 1.959459698970565902e-10
4.487454000000000000e+07 1.672606338339810934e-10
4.677351000000000000e+07 1.791598598699443842e-10
4.875285000000000000e+07 1.452504634845422451e-10
5.081594000000000000e+07 1.394060528242551159e-10
5.296634000000000000e+07 1.427004916028345622e-10
5.520774000000000000e+07 1.233275753598004100e-10
5.754399000000000000e+07 1.100460126573578695e-10
5.997911000000000000e+07 1.157851688116718912e-10
6.251727000000000000e+07 9.435675317927241534e-11
6.516284000000000000e+07 8.109308228221433743e-11
6.792036000000000000e+07 7.002144501609208293e-11
7.079458000000000000e+07 7.605024359385484629e-11
7.379042000000000000e+07 6.214653833010639686e-11
7.691304000000000000e+07 6.064265704546960038e-11
8.016781000000000000e+07 6.521898214064459139e-11
8.356030000000000000e+07 5.215017036949694948e-11
8.709636000000000000e+07 4.923656316299447527e-11
9.078205000000000000e+07 4.498559618789479528e-11
9.462372000000000000e+07 4.199196315904209155e-11
9.862795000000000000e+07 4.146161921086799238e-11
1.028016000000000000e+08 3.385624729077105716e-11
1.071519000000000000e+08 3.548401902253933714e-11
1.116863000000000000e+08 2.767575498358125683e-11
1.164126000000000000e+08 2.531809339573690899e-11
1.213389000000000000e+08 2.441940668502615498e-11
1.264736000000000000e+08 2.602050910682759810e-11
1.318257000000000000e+08 2.020506128571916564e-11
1.374042000000000000e+08 1.874029737261543472e-11
1.432188000000000000e+08 1.866832714585343149e-11
1.492794000000000000e+08 1.865640035068929162e-11
1.555966000000000000e+08 1.547121483763195776e-11
1.621810000000000000e+08 1.406837712350155811e-11
1.690441000000000000e+08 1.209617750947550662e-11
1.761976000000000000e+08 1.387113690069300129e-11
1.836538000000000000e+08 1.165969439436699826e-11
1.914256000000000000e+08 1.059333382502214833e-11
1.995262000000000000e+08 9.509901206335453037e-12
2.079697000000000000e+08 7.358418652062790629e-12
2.167704000000000000e+08 7.551375808437727004e-12
2.259436000000000000e+08 6.680352136010402739e-12
2.355049000000000000e+08 6.680960886437192412e-12
2.454709000000000000e+08 5.581008337468619760e-12
2.558586000000000000e+08 6.168767653913200873e-12
2.666859000000000000e+08 4.737767333032200000e-12
2.779713000000000000e+08 4.425399272568676760e-12
2.897344000000000000e+08 4.271824123633440099e-12
3.019952000000000000e+08 4.880147066841222258e-12
3.147748000000000000e+08 4.072536703410512564e-12
3.280953000000000000e+08 3.430358357112780475e-12
3.419794000000000000e+08 3.297704643158264180e-12
3.564511000000000000e+08 3.428649171140077453e-12
3.715352000000000000e+08 2.705349891006441552e-12
3.872576000000000000e+08 2.382770724295605189e-12
4.036454000000000000e+08 2.445130217881918808e-12
4.207266000000000000e+08 2.260273588205588770e-12
4.385307000000000000e+08 2.084542088365970774e-12
4.570882000000000000e+08 1.595960160718860916e-12
4.764310000000000000e+08 1.687008038559761522e-12
4.965923000000000000e+08 1.462985832398393086e-12
5.176068000000000000e+08 1.563396478686600574e-12
5.395106000000000000e+08 1.446744662234462723e-12
5.623413000000000000e+08 1.165406566164617125e-12
5.861382000000000000e+08 1.156249696356665094e-12
6.109420000000000000e+08 8.310044444871620500e-13
6.367955000000000000e+08 9.776916907500661480e-13
6.637431000000000000e+08 9.075284963113034857e-13
6.918310000000000000e+08 7.216077624302660215e-13
7.211075000000000000e+08 7.723204496055194058e-13
7.516229000000000000e+08 7.262055508601074379e-13
7.834296000000000000e+08 6.110723430747539274e-13
8.165824000000000000e+08 6.025803761731386625e-13
8.511380000000000000e+08 5.365039017289934905e-13
8.871560000000000000e+08 5.357942516139569173e-13
9.246982000000000000e+08 4.710266297443693603e-13
9.638290000000000000e+08 3.936101762326647367e-13
1.004616000000000000e+09 3.282470485989502695e-13
1.047129000000000000e+09 3.451381200820616449e-13
1.091440000000000000e+09 3.312959340473207990e-13
1.137627000000000000e+09 2.890040266328036195e-13
1.185769000000000000e+09 2.522429330410029596e-13
1.235947000000000000e+09 2.790183644173919578e-13
1.288250000000000000e+09 2.561785970702958308e-13
1.342765000000000000e+09 1.729724928747483948e-13
1.399587000000000000e+09 1.926348531301112458e-13
1.458814000000000000e+09 1.472697166912201838e-13
1.520548000000000000e+09 1.830715554494442747e-13
1.584893000000000000e+09 1.712928268501134971e-13
1.651962000000000000e+09 1.260999601236095258e-13
1.721869000000000000e+09 1.230283031114090870e-13
1.794734000000000000e+09 1.133559065432495936e-13
1.870682000000000000e+09 1.081047208763661882e-13
1.949845000000000000e+09 1.019613314033475804e-13
2.032357000000000000e+09 9.256815032869297774e-14
2.118361000000000000e+09 6.320227144790036577e-14
2.208005000000000000e+09 8.344405842200452119e-14
2.301442000000000000e+09 7.220483923241368620e-14
2.398833000000000000e+09 6.090419372562490036e-14
2.500345000000000000e+09 5.162194495230966829e-14
2.606154000000000000e+09 5.963587105512374849e-14
2.716439000000000000e+09 4.951966564534086313e-14
2.831392000000000000e+09 5.123357555067691343e-14
2.951209000000000000e+09 4.448592950037959903e-14
3.076097000000000000e+09 3.708442817109521753e-14
3.206269000000000000e+09 3.771364976301425352e-14
3.341950000000000000e+09 3.662209033167952923e-14
3.483373000000000000e+09 2.544847025454520265e-14
3.630781000000000000e+09 2.764407587234436138e-14
3.784426000000000000e+09 2.505887418484109749e-14
3.944573000000000000e+09 2.580232608782913096e-14
4.111497000000000000e+09 2.234672701640140577e-14
4.285485000000000000e+09 1.986312007454077014e-14
4.466836000000000000e+09 1.962901917099395741e-14
4.655861000000000000e+09 1.860775001922199725e-14
4.852885000000000000e+09 1.322718008041062467e-14
5.058247000000000000e+09 1.528254359875175874e-14
5.272299000000000000e+09 1.325694001450064435e-14
5.495409000000000000e+09 1.416643650878309108e-14
5.727960000000000000e+09 1.176734284786644868e-14
5.970353000000000000e+09 1.238281698312715435e-14
6.223003000000000000e+09 9.408325731613043412e-15
6.486344000000000000e+09 9.689161899600808282e-15
6.760830000000000000e+09 7.179222503606165883e-15
7.046931000000000000e+09 9.126459684041346700e-15
7.345139000000000000e+09 7.080450931358206214e-15
7.655966000000000000e+09 6.081046211590605852e-15
7.979947000000000000e+09 5.492998726866642266e-15
8.317638000000000000e+09 5.418296712339358640e-15
8.669619000000000000e+09 5.836719364672584885e-15
9.036495000000000000e+09 4.198369200829354485e-15
9.418896000000000000e+09 3.835471067612760751e-15
9.817479000000000000e+09 4.130397942644110885e-15
1.023293000000000000e+10 3.509116138146684918e-15
1.066596000000000000e+10 3.177641259892603165e-15
1.111732000000000000e+10 3.238435586550003435e-15
1.158777000000000000e+10 3.016273907261402402e-15
1.207814000000000000e+10 2.340296829655016102e-15
1.258925000000000000e+10 2.062872252028339592e-15
1.312200000000000000e+10 2.095833666018939790e-15
1.367729000000000000e+10 2.084072004262647368e-15
1.425608000000000000e+10 1.897761627993803655e-15
1.485936000000000000e+10 1.574598991179003871e-15
1.548817000000000000e+10 1.701319576292858301e-15
1.614359000000000000e+10 1.441382043488327926e-15
1.682674000000000000e+10 1.243037780653920513e-15
1.753881000000000000e+10 1.181970245239475995e-15
1.828100000000000000e+10 1.114758412693628556e-15
1.905461000000000000e+10 1.252879574563153518e-15
1.986095000000000000e+10 8.641406907145526238e-16
2.070141000000000000e+10 7.496187802919698097e-16
2.157744000000000000e+10 8.832412153932919379e-16
2.249055000000000000e+10 8.318104047920730556e-16
2.344229000000000000e+10 7.042095701230770303e-16
2.443431000000000000e+10 6.822632671608741895e-16
2.546830000000000000e+10 5.900225957847664184e-16
2.654606000000000000e+10 5.762076728489628512e-16
2.766942000000000000e+10 4.930391784451126268e-16
2.884032000000000000e+10 4.882954439454263841e-16
3.006076000000000000e+10 3.606413277022096393e-16
3.133286000000000000e+10 4.565100672980222078e-16
3.265878000000000000e+10 3.306186406737889609e-16
3.404082000000000000e+10 2.683129722206774414e-16
3.548134000000000000e+10 3.201552145533188360e-16
3.698282000000000000e+10 2.548260436941707988e-16
3.854784000000000000e+10 2.401095920135221953e-16
4.017908000000000000e+10 2.402440542128723154e-16
4.187936000000000000e+10 1.864613446268721998e-16
4.365158000000000000e+10 2.026239456432164318e-16
4.549881000000000000e+10 1.939685471196761697e-16
4.742420000000000000e+10 1.709867701775010336e-16
4.943107000000000000e+10 1.721471338249365797e-16
5.152286000000000000e+10 1.299144679529101996e-16
5.370318000000000000e+10 1.430421886896374024e-16
5.597576000000000000e+10 1.142811054016352459e-16
5.834451000000000000e+10 1.190986654193217963e-16
6.081350000000000000e+10 8.990083604802274213e-17
6.338697000000000000e+10 1.044524796580183190e-16
6.606934000000000000e+10 9.032891161845136906e-17
6.886523000000000000e+10 8.550717352762068928e-17
7.177943000000000000e+10 7.632599680189813911e-17
7.481695000000000000e+10 7.030320498784879907e-17
7.798301000000000000e+10 5.404847993608494941e-17
8.128305000000000000e+10 5.988471645548674118e-17
8.472274000000000000e+10 5.388086556685706055e-17
8.830799000000000000e+10 4.737737969802554544e-17
9.204496000000000000e+10 4.977608930324551413e-17
9.594006000000000000e+10 4.410375461575810493e-17
