x y
0.000000000000000000e+00 1.000000000000000000e+00
3.003003003003002977e-02 9.998497063263214191e-01
6.006006006006005954e-02 9.993989066213666561e-01
9.009009009009008584e-02 9.986478447810041015e-01
1.201201201201201191e-01 9.975969271237976610e-01
1.501501501501501523e-01 9.962467221293125341e-01
1.801801801801801717e-01 9.945979600719985214e-01
2.102102102102102188e-01 9.926515325509096543e-01
2.402402402402402382e-01 9.904084919155883293e-01
2.702702702702702853e-01 9.878700505885191774e-01
3.003003003003003046e-01 9.850375802846245143e-01
3.303303303303303240e-01 9.819126111283504876e-01
3.603603603603603434e-01 9.784968306689625361e-01
3.903903903903903627e-01 9.747920827947419431e-01
4.204204204204204376e-01 9.708003665468392107e-01
4.504504504504504570e-01 9.665238348336240293e-01
4.804804804804804763e-01 9.619647930464237939e-01
5.105105105105105512e-01 9.571256975776266662e-01
5.405405405405405705e-01 9.520091542421850184e-01
5.705705705705705899e-01 9.466179166036229331e-01
6.006006006006006093e-01 9.409548842057250395e-01
6.306306306306306286e-01 9.350231007111367010e-01
6.606606606606606480e-01 9.288257519481871727e-01
6.906906906906906674e-01 9.223661638672941976e-01
7.207207207207206867e-01 9.156478004083860034e-01
7.507507507507507061e-01 9.086742612808283992e-01
7.807807807807807254e-01 9.014492796574089528e-01
8.108108108108108558e-01 8.939767197839936230e-01
8.408408408408408752e-01 8.862605745065216256e-01
8.708708708708708945e-01 8.783049627170675944e-01
9.009009009009009139e-01 8.701141267207562757e-01
9.309309309309309333e-01 8.616924295253642896e-01
9.609609609609609526e-01 8.530443520555015535e-01
9.909909909909909720e-01 8.441744902933171479e-01
1.021021021021021102e+00 8.350875523477190310e-01
1.051051051051051122e+00 8.257883554541542992e-01
1.081081081081081141e+00 8.162818229070372134e-01
1.111111111111111160e+00 8.065729809269606143e-01
1.141141141141141180e+00 7.966669554648742047e-01
1.171171171171171199e+00 7.865689689454470335e-01
1.201201201201201219e+00 7.762843369518850345e-01
1.231231231231231238e+00 7.658184648545007800e-01
1.261261261261261257e+00 7.551768443853816848e-01
1.291291291291291277e+00 7.443650501615312054e-01
1.321321321321321296e+00 7.333887361588964371e-01
1.351351351351351315e+00 7.222536321397254877e-01
1.381381381381381335e+00 7.109655400357300925e-01
1.411411411411411354e+00 6.995303302895576891e-01
1.441441441441441373e+00 6.879539381571043721e-01
1.471471471471471393e+00 6.762423599732247936e-01
1.501501501501501412e+00 6.644016493834190573e-01
1.531531531531531432e+00 6.524379135440981914e-01
1.561561561561561451e+00 6.403573092940498812e-01
1.591591591591591470e+00 6.281660392997422404e-01
1.621621621621621712e+00 6.158703481771207189e-01
1.651651651651651731e+00 6.034765185925680120e-01
1.681681681681681750e+00 5.909908673457039407e-01
1.711711711711711770e+00 5.784197414367203693e-01
1.741741741741741789e+00 5.657695141209457823e-01
1.771771771771771808e+00 5.530465809533461341e-01
1.801801801801801828e+00 5.402573558256694719e-01
1.831831831831831847e+00 5.274082669989461625e-01
1.861861861861861867e+00 5.145057531340544443e-01
1.891891891891891886e+00 5.015562593230611377e-01
1.921921921921921905e+00 4.885662331240430700e-01
1.951951951951951925e+00 4.755421206020878366e-01
1.981981981981981944e+00 4.624903623791671303e-01
2.012012012012012185e+00 4.494173896955636627e-01
2.042042042042042205e+00 4.363296204855243721e-01
2.072072072072072224e+00 4.232334554697944617e-01
2.102102102102102243e+00 4.101352742676770968e-01
2.132132132132132263e+00 3.970414315312417175e-01
2.162162162162162282e+00 3.839582531042869951e-01
2.192192192192192302e+00 3.708920322086426413e-01
2.222222222222222321e+00 3.578490256603720776e-01
2.252252252252252340e+00 3.448354501184126009e-01
2.282282282282282360e+00 3.318574783681629281e-01
2.312312312312312379e+00 3.189212356425012440e-01
2.342342342342342398e+00 3.060327959826841249e-01
2.372372372372372418e+00 2.931981786415477353e-01
2.402402402402402437e+00 2.804233445313973894e-01
2.432432432432432456e+00 2.677141927189358728e-01
2.462462462462462476e+00 2.550765569695464530e-01
2.492492492492492495e+00 2.425162023432045622e-01
2.522522522522522515e+00 2.300388218442555865e-01
2.552552552552552534e+00 2.176500331272508137e-01
2.582582582582582553e+00 2.053553752609936778e-01
2.612612612612612573e+00 1.931603055529011737e-01
2.642642642642642592e+00 1.810701964357401550e-01
2.672672672672672611e+00 1.690903324187510159e-01
2.702702702702702631e+00 1.572259071051203549e-01
2.732732732732732650e+00 1.454820202777162286e-01
2.762762762762762669e+00 1.338636750549455634e-01
2.792792792792792689e+00 1.223757751185416964e-01
2.822822822822822708e+00 1.110231220150351417e-01
2.852852852852852727e+00 9.981041253260526658e-02
2.882882882882882747e+00 8.874223615495387130e-02
2.912912912912912766e+00 7.782307259378400122e-02
2.942942942942942786e+00 6.705728940140839867e-02
2.972972972972972805e+00 5.644913966495210267e-02
3.003003003003002824e+00 4.600275978355315709e-02
3.033033033033032844e+00 3.572216732990305538e-02
3.063063063063062863e+00 2.561125899740649900e-02
3.093093093093092882e+00 1.567380863417614650e-02
3.123123123123122902e+00 5.913465365013997020e-03
3.153153153153152921e+00 -3.666248197534201225e-03
3.183183183183182940e+00 -1.306193765203057626e-02
3.213213213213213404e+00 -2.227033841594852973e-02
3.243243243243243423e+00 -3.128831724153955524e-02
3.273273273273273443e+00 -4.011287363894541769e-02
3.303303303303303462e+00 -4.874114120580091969e-02
3.333333333333333481e+00 -5.717038886264561026e-02
3.363363363363363501e+00 -6.539802199352867662e-02
3.393393393393393520e+00 -7.342158349126133576e-02
3.423423423423423539e+00 -8.123875470684042976e-02
3.453453453453453559e+00 -8.884735630263626560e-02
3.483483483483483578e+00 -9.624534900900802437e-02
3.513513513513513598e+00 -1.034308342840793565e-01
3.543543543543543617e+00 -1.104020548764774040e-01
3.573573573573573636e+00 -1.171573952909079064e-01
3.603603603603603656e+00 -1.236953821565097422e-01
3.633633633633633675e+00 -1.300146844980013816e-01
3.663663663663663694e+00 -1.361141139097021002e-01
3.693693693693693714e+00 -1.419926246325799168e-01
3.723723723723723733e+00 -1.476493135345479935e-01
3.753753753753753752e+00 -1.530834199942999463e-01
3.783783783783783772e+00 -1.582943256890430861e-01
3.813813813813813791e+00 -1.632815542865576064e-01
3.843843843843843811e+00 -1.680447710420763519e-01
3.873873873873873830e+00 -1.725837823005489380e-01
3.903903903903903849e+00 -1.768985349049185529e-01
3.933933933933933869e+00 -1.809891155111081895e-01
3.963963963963963888e+00 -1.848557498104773100e-01
3.993993993993993907e+00 -1.884988016605746997e-01
4.024024024024024371e+00 -1.919187721250788792e-01
4.054054054054054390e+00 -1.951162984238783982e-01
4.084084084084084409e+00 -1.980921527943099725e-01
4.114114114114114429e+00 -2.008472412646306604e-01
4.144144144144144448e+00 -2.033826023408638051e-01
4.174174174174174468e+00 -2.056994056082166178e-01
4.204204204204204487e+00 -2.077989502483268691e-01
4.234234234234234506e+00 -2.096826634736531081e-01
4.264264264264264526e+00 -2.113520988803802292e-01
4.294294294294294545e+00 -2.128089347212671900e-01
4.324324324324324564e+00 -2.140549720999177785e-01
4.354354354354354584e+00 -2.150921330880093685e-01
4.384384384384384603e+00 -2.159224587670651729e-01
4.414414414414414622e+00 -2.165481071964071302e-01
4.444444444444444642e+00 -2.169713513089750745e-01
4.474474474474474661e+00 -2.171945767367464142e-01
4.504504504504504681e+00 -2.172202795675357845e-01
4.534534534534534700e+00 -2.170510640350011289e-01
4.564564564564564719e+00 -2.166896401437243547e-01
4.594594594594594739e+00 -2.161388212312778112e-01
4.624624624624624758e+00 -2.154015214692286961e-01
4.654654654654654777e+00 -2.144807533050716031e-01
4.684684684684684797e+00 -2.133796248471178658e-01
4.714714714714714816e+00 -2.121013371944057424e-01
4.744744744744744835e+00 -2.106491817137300382e-01
4.774774774774774855e+00 -2.090265372659222687e-01
4.804804804804804874e+00 -2.072368673835432717e-01
4.834834834834834894e+00 -2.052837174021801270e-01
4.864864864864864913e+00 -2.031707115475663294e-01
4.894894894894894932e+00 -2.009015499807698391e-01
4.924924924924924952e+00 -1.984800058037188286e-01
4.954954954954954971e+00 -1.959099220273560205e-01
4.984984984984984990e+00 -1.931952085047340950e-01
5.015015015015015010e+00 -1.903398388313836120e-01
5.045045045045045029e+00 -1.873478472153008445e-01
5.075075075075075048e+00 -1.842233253189200781e-01
5.105105105105105068e+00 -1.809704190754463093e-01
5.135135135135135087e+00 -1.775933254819380136e-01
5.165165165165165106e+00 -1.740962893715377047e-01
5.195195195195195126e+00 -1.704836001672579149e-01
5.225225225225225145e+00 -1.667595886197345556e-01
5.255255255255255165e+00 -1.629286235313657238e-01
5.285285285285285184e+00 -1.589951084692556305e-01
5.315315315315315203e+00 -1.549634784693841583e-01
5.345345345345345223e+00 -1.508381967344225583e-01
5.375375375375375242e+00 -1.466237513276112403e-01
5.405405405405405261e+00 -1.423246518651126724e-01
5.435435435435435281e+00 -1.379454262092447703e-01
5.465465465465465300e+00 -1.334906171649929973e-01
5.495495495495495319e+00 -1.289647791821877942e-01
5.525525525525525339e+00 -1.243724750657247136e-01
5.555555555555555358e+00 -1.197182726961880384e-01
5.585585585585585378e+00 -1.150067417632264499e-01
5.615615615615615397e+00 -1.102424505140097433e-01
5.645645645645645416e+00 -1.054299625190791290e-01
5.675675675675675436e+00 -1.005738334578812898e-01
5.705705705705705455e+00 -9.567860792625622335e-02
5.735735735735735474e+00 -9.074881626812336677e-02
5.765765765765765494e+00 -8.578897143358713007e-02
5.795795795795795513e+00 -8.080356586565400068e-02
5.825825825825825532e+00 -7.579706841772693160e-02
5.855855855855855552e+00 -7.077392130401098658e-02
5.885885885885885571e+00 -6.573853708493378190e-02
5.915915915915915591e+00 -6.069529568965052746e-02
5.945945945945945610e+00 -5.564854147766937903e-02
5.975975975975975629e+00 -5.060258034159660634e-02
6.006006006006005649e+00 -4.556167685296362568e-02
6.036036036036035668e+00 -4.053005145305941387e-02
6.066066066066065687e+00 -3.551187769065156097e-02
6.096096096096095707e+00 -3.051127950843779760e-02
6.126126126126125726e+00 -2.553232858002721373e-02
6.156156156156155745e+00 -2.057904169920633103e-02
6.186186186186185765e+00 -1.565537822320022671e-02
6.216216216216215784e+00 -1.076523757159237281e-02
6.246246246246245803e+00 -5.912456782519632387e-03
6.276276276276275823e+00 -1.100808127710210240e-03
6.306306306306305842e+00 3.666003212117213694e-03
6.336336336336335862e+00 8.384341410025454577e-03
6.366366366366365881e+00 1.305064219238580465e-02
6.396396396396395900e+00 1.766141497379636327e-02
6.426426426426426808e+00 2.221324492608156564e-02
6.456456456456456827e+00 2.670279498011596947e-02
6.486486486486486847e+00 3.112680775927330681e-02
6.516516516516516866e+00 3.548210744335257572e-02
6.546546546546546885e+00 3.976560156189448691e-02
6.576576576576576905e+00 4.397428271585544779e-02
6.606606606606606924e+00 4.810523022666531728e-02
6.636636636636636943e+00 5.215561171175299437e-02
6.666666666666666963e+00 5.612268458568299423e-02
6.696696696696696982e+00 6.000379748610527864e-02
6.726726726726727001e+00 6.379639162378045181e-02
6.756756756756757021e+00 6.749800205600241243e-02
6.786786786786787040e+00 7.110625888280112938e-02
6.816816816816817060e+00 7.461888836536892389e-02
6.846846846846847079e+00 7.803371396621443246e-02
6.876876876876877098e+00 8.134865731060993144e-02
6.906906906906907118e+00 8.456173906895861347e-02
6.936936936936937137e+00 8.767107975977019019e-02
6.966966966966967156e+00 9.067490047299427147e-02
6.996996996996997176e+00 9.357152351352290842e-02
7.027027027027027195e+00 9.635937296473451319e-02
7.057057057057057214e+00 9.903697517201327793e-02
7.087087087087087234e+00 1.016029591462388887e-01
7.117117117117117253e+00 1.040560568873027253e-01
7.147147147147147273e+00 1.063951036277671208e-01
7.177177177177177292e+00 1.086190379968452191e-01
7.207207207207207311e+00 1.107269021049384489e-01
7.237237237237237331e+00 1.127178415490290575e-01
7.267267267267267350e+00 1.145911053392842383e-01
7.297297297297297369e+00 1.163460457472870607e-01
7.327327327327327389e+00 1.179821180763682004e-01
7.357357357357357408e+00 1.194988803545701389e-01
7.387387387387387427e+00 1.208959929508325870e-01
7.417417417417417447e+00 1.221732181150446961e-01
7.447447447447447466e+00 1.233304194426655953e-01
7.477477477477477485e+00 1.243675612646697182e-01
7.507507507507507505e+00 1.252847079636281169e-01
7.537537537537537524e+00 1.260820232167902955e-01
7.567567567567567544e+00 1.267597691670843962e-01
7.597597597597597563e+00 1.273183055230048821e-01
7.627627627627627582e+00 1.277580885884082029e-01
7.657657657657657602e+00 1.280796702232869511e-01
7.687687687687687621e+00 1.282836967366420833e-01
7.717717717717717640e+00 1.283709077126205800e-01
7.747747747747747660e+00 1.283421347711331817e-01
7.777777777777777679e+00 1.281983002642124725e-01
7.807807807807807698e+00 1.279404159094164883e-01
7.837837837837837718e+00 1.275695813616263274e-01
7.867867867867867737e+00 1.270869827246290384e-01
7.897897897897897757e+00 1.264938910039178077e-01
7.927927927927927776e+00 1.257916605021816847e-01
7.957957957957957795e+00 1.249817271589954149e-01
7.987987987987987815e+00 1.240656068362576830e-01
8.018018018018018722e+00 1.230448935509615010e-01
8.048048048048048742e+00 1.219212576569159573e-01
8.078078078078078761e+00 1.206964439770706610e-01
8.108108108108108780e+00 1.193722698881271860e-01
8.138138138138138800e+00 1.179506233591517683e-01
8.168168168168168819e+00 1.164334609459322933e-01
8.198198198198198838e+00 1.148228057428506560e-01
8.228228228228228858e+00 1.131207452940672237e-01
8.258258258258258877e+00 1.113294294658390693e-01
8.288288288288288896e+00 1.094510682818163466e-01
8.318318318318318916e+00 1.074879297231831066e-01
8.348348348348348935e+00 1.054423374955284487e-01
8.378378378378378954e+00 1.033166687643527898e-01
8.408408408408408974e+00 1.011133518611307403e-01
8.438438438438438993e+00 9.883486396186721978e-02
8.468468468468469013e+00 9.648372874009784883e-02
8.498498498498499032e+00 9.406251399629608767e-02
8.528528528528529051e+00 9.157382926566075276e-02
8.558558558558559071e+00 8.902032340626642171e-02
8.588588588588589090e+00 8.640468216956667669e-02
8.618618618618619109e+00 8.372962575524579842e-02
8.648648648648649129e+00 8.099790635241926884e-02
8.678678678678679148e+00 7.821230566918564719e-02
8.708708708708709167e+00 7.537563245253363353e-02
8.738738738738739187e+00 7.249072000060778620e-02
8.768768768768769206e+00 6.956042366933405663e-02
8.798798798798799226e+00 6.658761837540289052e-02
8.828828828828829245e+00 6.357519609760220458e-02
8.858858858858859264e+00 6.052606337848616402e-02
8.888888888888889284e+00 5.744313882835683227e-02
8.918918918918919303e+00 5.432935063352649363e-02
8.948948948948949322e+00 5.118763407081686895e-02
8.978978978978979342e+00 4.802092903023839898e-02
9.009009009009009361e+00 4.483217754777878150e-02
9.039039039039039380e+00 4.162432135021385676e-02
9.069069069069069400e+00 3.840029941383670681e-02
9.099099099099099419e+00 3.516304553898230018e-02
9.129129129129129439e+00 3.191548594220446761e-02
9.159159159159159458e+00 2.866053686794089658e-02
9.189189189189189477e+00 2.540110222147855951e-02
9.219219219219219497e+00 2.214007122500790889e-02
9.249249249249249516e+00 1.888031609852841228e-02
9.279279279279279535e+00 1.562468976734119469e-02
9.309309309309309555e+00 1.237602359783627690e-02
9.339339339339339574e+00 9.137125163252358961e-03
9.369369369369369593e+00 5.910776041056574337e-03
9.399399399399399613e+00 2.699729643559547771e-03
9.429429429429429632e+00 -4.932909166518841329e-04
9.459459459459459651e+00 -3.665594924916160905e-03
9.489489489489489671e+00 -6.814526124819945616e-03
9.519519519519519690e+00 -9.937464739166144978e-03
9.549549549549549710e+00 -1.303182945014811668e-02
9.579579579579579729e+00 -1.609507933732962429e-02
9.609609609609609748e+00 -1.912471577206961357e-02
9.639639639639639768e+00 -2.211828426707120390e-02
9.669669669669669787e+00 -2.507337627977570052e-02
9.699699699699699806e+00 -2.798763096836456507e-02
9.729729729729729826e+00 -3.085873689917534302e-02
9.759759759759759845e+00 -3.368443370438135853e-02
9.789789789789789864e+00 -3.646251368882958560e-02
9.819819819819819884e+00 -3.919082338497655721e-02
9.849849849849849903e+00 -4.186726505490785677e-02
9.879879879879879923e+00 -4.448979813847385445e-02
9.909909909909909942e+00 -4.705644064662126147e-02
9.939939939939939961e+00 -4.956527049904801974e-02
9.969969969969969981e+00 -5.201442680535754010e-02
1.000000000000000000e+01 -5.440211108893697883e-02
1.003003003003003002e+01 -5.672658845283365392e-02
1.006006006006006004e+01 -5.898618868695341966e-02
1.009009009009009006e+01 -6.117930731595482702e-02
1.012012012012012008e+01 -6.330440658726343983e-02
1.015015015015015010e+01 -6.536001639868116442e-02
1.018018018018018012e+01 -6.734473516511657598e-02
1.021021021021021014e+01 -6.925723062401323293e-02
1.024024024024024015e+01 -7.109624057910438055e-02
1.027027027027027017e+01 -7.286057358217354341e-02
1.030030030030030019e+01 -7.454910955255254768e-02
1.033033033033033021e+01 -7.616080033413936967e-02
1.036036036036036023e+01 -7.769467018977016526e-02
1.039039039039039025e+01 -7.914981623283112722e-02
1.042042042042042027e+01 -8.052540879604719315e-02
1.045045045045045029e+01 -8.182069173743579393e-02
1.048048048048048031e+01 -8.303498268346501399e-02
1.051051051051051033e+01 -8.416767320950617470e-02
1.054054054054054035e+01 -8.521822895772168671e-02
1.057057057057057037e+01 -8.618618969257912932e-02
1.060060060060060039e+01 -8.707116929423232288e-02
1.063063063063063041e+01 -8.787285569006020314e-02
1.066066066066066043e+01 -8.859101072470297600e-02
1.069069069069069045e+01 -8.922546996898400584e-02
1.072072072072072046e+01 -8.977614246815404653e-02
1.075075075075075048e+01 -9.024301042994208044e-02
1.078078078078078050e+01 -9.062612885294434040e-02
1.081081081081081052e+01 -9.092562509592921893e-02
1.084084084084084054e+01 -9.114169838868228790e-02
1.087087087087087056e+01 -9.127461928506003241e-02
1.090090090090090058e+01 -9.132472905896635296e-02
1.093093093093093060e+01 -9.129243904400891063e-02
1.096096096096096062e+01 -9.117822991763580021e-02
1.099099099099099064e+01 -9.098265093059496045e-02
1.102102102102102066e+01 -9.070631908260044785e-02
1.105105105105105068e+01 -9.034991824512990377e-02
1.108108108108108070e+01 -8.991419823231701358e-02
1.111111111111111072e+01 -8.939997382094196088e-02
1.114114114114114074e+01 -8.880812372055987836e-02
1.117117117117117076e+01 -8.813958949484475280e-02
1.120120120120120077e+01 -8.739537443526114446e-02
1.123123123123123079e+01 -8.657654238821159420e-02
1.126126126126126081e+01 -8.568421653684053785e-02
1.129129129129129083e+01 -8.471957813870843734e-02
1.132132132132132085e+01 -8.368386522058104959e-02
1.135135135135135087e+01 -8.257837123160936821e-02
1.138138138138138089e+01 -8.140444365620438938e-02
1.141141141141141091e+01 -8.016348258793928871e-02
1.144144144144144093e+01 -7.885693926583817182e-02
1.147147147147147095e+01 -7.748631457443609649e-02
1.150150150150150097e+01 -7.605315750901944782e-02
1.153153153153153099e+01 -7.455906360747882600e-02
1.156156156156156101e+01 -7.300567335022856152e-02
1.159159159159159103e+01 -7.139467052966723404e-02
1.162162162162162105e+01 -6.972778059067326339e-02
1.165165165165165106e+01 -6.800676894364721115e-02
1.168168168168168108e+01 -6.623343925162954171e-02
1.171171171171171110e+01 -6.440963169303749736e-02
1.174174174174174112e+01 -6.253722120157920172e-02
1.177177177177177114e+01 -6.061811568491558277e-02
1.180180180180180116e+01 -5.865425422365201646e-02
1.183183183183183118e+01 -5.664760525225197990e-02
1.186186186186186120e+01 -5.460016472347319072e-02
1.189189189189189122e+01 -5.251395425793451560e-02
1.192192192192192124e+01 -5.039101928042748896e-02
1.195195195195195126e+01 -4.823342714459138980e-02
1.198198198198198128e+01 -4.604326524757357958e-02
1.201201201201201130e+01 -4.382263913629923929e-02
1.204204204204204132e+01 -4.157367060697480382e-02
1.207207207207207134e+01 -3.929849579944905136e-02
1.210210210210210136e+01 -3.699926328805322462e-02
1.213213213213213137e+01 -3.467813217053869468e-02
1.216216216216216139e+01 -3.233727015672537008e-02
1.219219219219219141e+01 -2.997885165846852357e-02
1.222222222222222143e+01 -2.760505588254379833e-02
1.225225225225225145e+01 -2.521806492804203742e-02
1.228228228228228147e+01 -2.282006188985510886e-02
1.231231231231231149e+01 -2.041322896982303986e-02
1.234234234234234151e+01 -1.799974559710016200e-02
1.237237237237237153e+01 -1.558178655928409845e-02
1.240240240240240155e+01 -1.316152014583676401e-02
1.243243243243243157e+01 -1.074110630531002926e-02
1.246246246246246159e+01 -8.322694817871595374e-03
1.249249249249249161e+01 -5.908423484607895800e-03
1.252252252252252163e+01 -3.500416335061234951e-03
1.255255255255255165e+01 -1.100781854437439750e-03
1.258258258258258167e+01 1.288388768101610213e-03
1.261261261261261168e+01 3.665023368669322393e-03
1.264264264264264170e+01 6.027070514042467270e-03
1.267267267267267172e+01 8.372501181864073355e-03
1.270270270270270174e+01 1.069931041434543303e-02
1.273273273273273176e+01 1.300551894417872542e-02
1.276276276276276178e+01 1.528917479140002450e-02
1.279279279279279180e+01 1.754835482997149990e-02
1.282282282282282360e+01 1.978116632288193233e-02
1.285285285285285362e+01 2.198574842459469214e-02
1.288288288288288364e+01 2.416027364970680519e-02
1.291291291291291365e+01 2.630294930671104106e-02
1.294294294294294367e+01 2.841201889579074089e-02
1.297297297297297369e+01 3.048576346960886474e-02
1.300300300300300371e+01 3.252250295608851566e-02
1.303303303303303373e+01 3.452059744221777637e-02
1.306306306306306375e+01 3.647844841794815884e-02
1.309309309309309377e+01 3.839449997929301334e-02
1.312312312312312379e+01 4.026723998976981106e-02
1.315315315315315381e+01 4.209520119936863841e-02
1.318318318318318383e+01 4.387696232026781773e-02
1.321321321321321385e+01 4.561114905855712109e-02
1.324324324324324387e+01 4.729643510126867872e-02
1.327327327327327389e+01 4.893154305805601234e-02
1.330330330330330391e+01 5.051524535690216089e-02
1.333333333333333393e+01 5.204636509327920796e-02
1.336336336336336394e+01 5.352377683222241805e-02
1.339339339339339396e+01 5.494640736282441207e-02
1.342342342342342398e+01 5.631323640469624442e-02
1.345345345345345400e+01 5.762329726598498097e-02
1.348348348348348402e+01 5.887567745257921148e-02
1.351351351351351404e+01 6.006951922817690970e-02
1.354354354354354406e+01 6.120402012493252747e-02
1.357357357357357408e+01 6.227843340444311204e-02
1.360360360360360410e+01 6.329206846887583393e-02
1.363363363363363412e+01 6.424429122208238918e-02
1.366366366366366414e+01 6.513452438058864313e-02
1.369369369369369416e+01 6.596224773439007816e-02
1.372372372372372418e+01 6.672699835752729514e-02
1.375375375375375420e+01 6.742837076845729916e-02
1.378378378378378422e+01 6.806601704027952227e-02
1.381381381381381424e+01 6.863964686091737766e-02
1.384384384384384425e+01 6.914902754339810609e-02
1.387387387387387427e+01 6.959398398641562788e-02
1.390390390390390429e+01 6.997439858540223379e-02
1.393393393393393431e+01 7.029021109437642856e-02
1.396396396396396433e+01 7.054141843887445917e-02
1.399399399399399435e+01 7.072807448031395716e-02
1.402402402402402437e+01 7.085028973217760706e-02
1.405405405405405439e+01 7.090823102844433234e-02
1.408408408408408441e+01 7.090212114473459781e-02
1.411411411411411443e+01 7.083223837267448031e-02
1.414414414414414445e+01 7.069891604802153173e-02
1.417417417417417447e+01 7.050254203313223444e-02
1.420420420420420449e+01 7.024355815438787509e-02
1.423423423423423451e+01 6.992245959523157861e-02
1.426426426426426453e+01 6.953979424550453536e-02
1.429429429429429455e+01 6.909616200780428763e-02
1.432432432432432456e+01 6.859221406162160917e-02
1.435435435435435458e+01 6.802865208604594316e-02
1.438438438438438460e+01 6.740622744186167137e-02
1.441441441441441462e+01 6.672574031388903149e-02
1.444444444444444464e+01 6.598803881445437780e-02
1.447447447447447466e+01 6.519401804890423424e-02
1.450450450450450468e+01 6.434461914410694039e-02
1.453453453453453470e+01 6.344082824091350215e-02
1.456456456456456472e+01 6.248367545157667430e-02
1.459459459459459474e+01 6.147423378315363535e-02
1.462462462462462476e+01 6.041361802794299740e-02
1.465465465465465478e+01 5.930298362203092338e-02
1.468468468468468480e+01 5.814352547304513230e-02
1.471471471471471482e+01 5.693647675823728521e-02
1.474474474474474484e+01 5.568310769403619909e-02
1.477477477477477485e+01 5.438472427823405619e-02
1.480480480480480487e+01 5.304266700598772588e-02
1.483483483483483489e+01 5.165830956083483638e-02
1.486486486486486491e+01 5.023305748194183823e-02
1.489489489489489493e+01 4.876834680881719786e-02
1.492492492492492495e+01 4.726564270473761209e-02
1.495495495495495497e+01 4.572643806014936585e-02
1.498498498498498499e+01 4.415225207731922341e-02
1.501501501501501501e+01 4.254462883752119923e-02
1.504504504504504503e+01 4.090513585205577535e-02
1.507507507507507505e+01 3.923536259840760404e-02
1.510510510510510507e+01 3.753691904285588049e-02
1.513513513513513509e+01 3.581143415085849546e-02
1.516516516516516511e+01 3.406055438653735057e-02
1.519519519519519513e+01 3.228594220259634745e-02
1.522522522522522515e+01 3.048927452200791283e-02
1.525525525525525516e+01 2.867224121280571511e-02
1.528528528528528518e+01 2.683654355732299074e-02
1.531531531531531520e+01 2.498389271721586369e-02
1.534534534534534522e+01 2.311600819561010489e-02
1.537537537537537524e+01 2.123461629770772435e-02
1.540540540540540526e+01 1.934144859118651361e-02
1.543543543543543528e+01 1.743824036772123262e-02
1.546546546546546530e+01 1.552672910694987210e-02
1.549549549549549532e+01 1.360865294420153526e-02
1.552552552552552534e+01 1.168574914329507941e-02
1.555555555555555536e+01 9.759752575708689065e-03
1.558558558558558538e+01 7.832394207410799808e-03
1.561561561561561540e+01 5.905399594631815553e-03
1.564564564564564542e+01 3.980487389844126166e-03
1.567567567567567544e+01 2.059367859204866858e-03
1.570570570570570545e+01 1.437414127018337990e-04
1.573573573573573547e+01 -1.764702851772077287e-03
1.576576576576576549e+01 -3.664288589206643465e-03
1.579579579579579551e+01 -5.553353631932031464e-03
1.582582582582582553e+01 -7.430251396572230480e-03
1.585585585585585555e+01 -9.293352272338888803e-03
1.588588588588588557e+01 -1.114104498953016019e-02
1.591591591591591559e+01 -1.297173796711989166e-02
1.594594594594594561e+01 -1.478386063834422233e-02
1.597597597597597563e+01 -1.657586475321512140e-02
1.600600600600600742e+01 -1.834622565691395799e-02
1.603603603603603744e+01 -2.009344354304156213e-02
1.606606606606606746e+01 -2.181604468072854269e-02
1.609609609609609748e+01 -2.351258261463163787e-02
1.612612612612612750e+01 -2.518163933687212960e-02
1.615615615615615752e+01 -2.682182642999735023e-02
1.618618618618618754e+01 -2.843178618007499714e-02
1.621621621621621756e+01 -3.001019265905858352e-02
1.624624624624624758e+01 -3.155575277559143077e-02
1.627627627627627760e+01 -3.306720729344667792e-02
1.630630630630630762e+01 -3.454333181683121035e-02
1.633633633633633764e+01 -3.598293774181239579e-02
1.636636636636636766e+01 -3.738487317315822289e-02
1.639639639639639768e+01 -3.874802380591336332e-02
1.642642642642642770e+01 -4.007131377106656206e-02
1.645645645645645772e+01 -4.135370644469733153e-02
1.648648648648648773e+01 -4.259420522002393267e-02
1.651651651651651775e+01 -4.379185424180786351e-02
1.654654654654654777e+01 -4.494573910260490218e-02
1.657657657657657779e+01 -4.605498750038675149e-02
1.660660660660660781e+01 -4.711876985709256838e-02
1.663663663663663783e+01 -4.813629989770445983e-02
1.666666666666666785e+01 -4.910683518947669968e-02
1.669669669669669787e+01 -5.002967764098368436e-02
1.672672672672672789e+01 -5.090417396068750572e-02
1.675675675675675791e+01 -5.172971607476206657e-02
1.678678678678678793e+01 -5.250574150394632378e-02
1.681681681681681795e+01 -5.323173369923563797e-02
1.684684684684684797e+01 -5.390722233625615950e-02
1.687687687687687799e+01 -5.453178356820356787e-02
1.690690690690690801e+01 -5.510504023726325168e-02
1.693693693693693803e+01 -5.562666204446562596e-02
1.696696696696696804e+01 -5.609636567796588702e-02
1.699699699699699806e+01 -5.651391489977380250e-02
1.702702702702702808e+01 -5.687912059099462653e-02
1.705705705705705810e+01 -5.719184075567828457e-02
1.708708708708708812e+01 -5.745198048340895841e-02
1.711711711711711814e+01 -5.765949187080290222e-02
1.714714714714714816e+01 -5.781437390211704302e-02
1.717717717717717818e+01 -5.791667228920564098e-02
1.720720720720720820e+01 -5.796647927109688930e-02
1.723723723723723822e+01 -5.796393337349514674e-02
1.726726726726726824e+01 -5.790921912854843367e-02
1.729729729729729826e+01 -5.780256675525387994e-02
1.732732732732732828e+01 -5.764425180090705647e-02
1.735735735735735830e+01 -5.743459474403311144e-02
1.738738738738738832e+01 -5.717396055927009141e-02
1.741741741741741833e+01 -5.686275824470585216e-02
1.744744744744744835e+01 -5.650144031220123014e-02
1.747747747747747837e+01 -5.609050224126239242e-02
1.750750750750750839e+01 -5.563048189705511321e-02
1.753753753753753841e+01 -5.512195891318290297e-02
1.756756756756756843e+01 -5.456555403987970593e-02
1.759759759759759845e+01 -5.396192845829554663e-02
1.762762762762762847e+01 -5.331178306158104729e-02
1.765765765765765849e+01 -5.261585770350309804e-02
1.768768768768768851e+01 -5.187493041535010813e-02
1.771771771771771853e+01 -5.108981659191017682e-02
1.774774774774774855e+01 -5.026136814733008634e-02
1.777777777777777857e+01 -4.939047264168653500e-02
1.780780780780780859e+01 -4.847805237912410081e-02
1.783783783783783861e+01 -4.752506347843605400e-02
1.786786786786786863e+01 -4.653249491698591839e-02
1.789789789789789864e+01 -4.550136754888753354e-02
1.792792792792792866e+01 -4.443273309838128432e-02
1.795795795795795868e+01 -4.332767312936267740e-02
1.798798798798798870e+01 -4.218729799203715936e-02
1.801801801801801872e+01 -4.101274574769219611e-02
1.804804804804804874e+01 -3.980518107259341937e-02
1.807807807807807876e+01 -3.856579414202682132e-02
1.810810810810810878e+01 -3.729579949552300905e-02
1.813813813813813880e+01 -3.599643488431301247e-02
1.816816816816816882e+01 -3.466896010207707463e-02
1.819819819819819884e+01 -3.331465580005942700e-02
1.822822822822822886e+01 -3.193482228763221131e-02
1.825825825825825888e+01 -3.053077831940131590e-02
1.828828828828828890e+01 -2.910385986995510377e-02
1.831831831831831892e+01 -2.765541889736457259e-02
1.834834834834834894e+01 -2.618682209654991239e-02
1.837837837837837895e+01 -2.469944964363395001e-02
1.840840840840840897e+01 -2.319469393240732730e-02
1.843843843843843899e+01 -2.167395830403400295e-02
1.846846846846846901e+01 -2.013865577112793417e-02
1.849849849849849903e+01 -1.859020773733354587e-02
1.852852852852852905e+01 -1.703004271354294219e-02
1.855855855855855907e+01 -1.545959503188264889e-02
1.858858858858858909e+01 -1.388030355860095030e-02
1.861861861861861911e+01 -1.229361040698477917e-02
1.864864864864864913e+01 -1.070095965143159911e-02
1.867867867867867915e+01 -9.103796043797443907e-03
1.870870870870870917e+01 -7.503563733137025467e-03
1.873873873873873919e+01 -5.901704989945535940e-03
1.876876876876876921e+01 -4.299658936004670945e-03
1.879879879879879923e+01 -2.698860280927204650e-03
1.882882882882882924e+01 -1.100738066485489617e-03
1.885885885885885926e+01 4.932855802007346697e-04
1.888888888888888928e+01 2.081796683552686149e-03
1.891891891891891930e+01 3.663390645444238730e-03
1.894894894894894932e+01 5.236673459096807294e-03
1.897897897897897934e+01 6.800262909930732819e-03
1.900900900900900936e+01 8.352789762360838741e-03
1.903903903903903938e+01 9.892898931538987237e-03
1.906906906906906940e+01 1.141925063906251876e-02
1.909909909909909942e+01 1.293052155168416054e-02
1.912912912912912944e+01 1.442540590207675062e-02
1.915915915915915946e+01 1.590261659072432845e-02
1.918918918918918948e+01 1.736088626803037466e-02
1.921921921921921950e+01 1.879896839575382478e-02
1.924924924924924952e+01 2.021563828690402589e-02
1.927927927927927954e+01 2.160969412324710917e-02
1.930930930930930955e+01 2.297995794959822174e-02
1.933933933933933957e+01 2.432527664409660229e-02
1.936936936936936959e+01 2.564452286368378020e-02
1.939939939939939961e+01 2.693659596402909681e-02
1.942942942942942963e+01 2.820042289317096357e-02
1.945945945945945965e+01 2.943495905816762709e-02
1.948948948948948967e+01 3.063918916407642676e-02
1.951951951951951969e+01 3.181212802460686717e-02
1.954954954954954971e+01 3.295282134381923717e-02
1.957957957957957973e+01 3.406034646826775619e-02
1.960960960960960975e+01 3.513381310901433213e-02
1.963963963963963977e+01 3.617236403296757857e-02
1.966966966966966979e+01 3.717517572302929396e-02
1.969969969969969981e+01 3.814145900656000510e-02
1.972972972972972983e+01 3.907045965170365814e-02
1.975975975975975985e+01 3.996145893114130820e-02
1.978978978978978986e+01 4.081377415287304466e-02
1.981981981981981988e+01 4.162675915765747664e-02
1.984984984984984990e+01 4.239980478276809961e-02
1.987987987987987992e+01 4.313233929175647186e-02
1.990990990990990994e+01 4.382382876994247306e-02
1.993993993993993996e+01 4.447377748538276082e-02
1.996996996996996998e+01 4.508172821509937728e-02
2.000000000000000000e+01 4.564726253638138470e-02
2.003003003003003002e+01 4.617000108300359923e-02
2.006006006006006004e+01 4.664960376623734223e-02
2.009009009009009006e+01 4.708576996055942321e-02
2.012012012012012008e+01 4.747823865399679322e-02
2.015015015015015010e+01 4.782678856307503307e-02
2.018018018018018012e+01 4.813123821237028782e-02
2.021021021021021014e+01 4.839144597869497744e-02
2.024024024024024015e+01 4.860731009997843605e-02
2.027027027027027017e+01 4.877876864893456593e-02
2.030030030030030019e+01 4.890579947163882502e-02
2.033033033033033021e+01 4.898842009116752272e-02
2.036036036036036023e+01 4.902668757648234038e-02
2.039039039039039025e+01 4.902069837677294067e-02
2.042042042042042027e+01 4.897058812150034690e-02
2.045045045045045029e+01 4.887653138641273598e-02
2.048048048048048031e+01 4.873874142583480701e-02
2.051051051051051033e+01 4.855746987156018407e-02
2.054054054054054035e+01 4.833300639870481696e-02
2.057057057057057037e+01 4.806567835890739049e-02
2.060060060060060039e+01 4.775585038129000204e-02
2.063063063063063041e+01 4.740392394161979661e-02
2.066066066066066043e+01 4.701033690013864397e-02
2.069069069069069045e+01 4.657556300855424103e-02
2.072072072072072046e+01 4.610011138671175207e-02
2.075075075075075048e+01 4.558452596948992658e-02
2.078078078078078050e+01 4.502938492449082286e-02
2.081081081081081052e+01 4.443530004111567039e-02
2.084084084084084054e+01 4.380291609164337768e-02
2.087087087087087056e+01 4.313291016495075791e-02
2.090090090090090058e+01 4.242599097353597776e-02
2.093093093093093060e+01 4.168289813452825260e-02
2.096096096096096062e+01 4.090440142538784296e-02
2.099099099099099064e+01 4.009130001502055757e-02
2.102102102102102066e+01 3.924442167105090390e-02
2.105105105105105068e+01 3.836462194401652620e-02
2.108108108108108070e+01 3.745278332926511161e-02
2.111111111111111072e+01 3.650981440735216743e-02
2.114114114114114074e+01 3.553664896375501037e-02
2.117117117117117076e+01 3.453424508873413623e-02
2.120120120120120077e+01 3.350358425818830005e-02
2.123123123123123079e+01 3.244567039636431227e-02
2.126126126126126081e+01 3.136152892129585174e-02
2.129129129129129083e+01 3.025220577385872439e-02
2.132132132132132085e+01 2.911876643134186232e-02
2.135135135135135087e+01 2.796229490644458818e-02
2.138138138138138089e+01 2.678389273262114442e-02
2.141141141141141091e+01 2.558467793670293408e-02
2.144144144144144093e+01 2.436578399973772860e-02
2.147147147147147095e+01 2.312835880699287694e-02
2.150150150150150097e+01 2.187356358807672485e-02
2.153153153153153099e+01 2.060257184813841028e-02
2.156156156156156101e+01 1.931656829111180057e-02
2.159159159159159103e+01 1.801674773597351439e-02
2.162162162162162105e+01 1.670431402698880144e-02
2.165165165165165106e+01 1.538047893892167256e-02
2.168168168168168108e+01 1.404646107818756373e-02
2.171171171171171110e+01 1.270348478092788412e-02
2.174174174174174112e+01 1.135277900898597030e-02
2.177177177177177114e+01 9.995576244763161936e-03
2.180180180180180116e+01 8.633111385932311019e-03
2.183183183183183118e+01 7.266620640983543697e-03
2.186186186186186120e+01 5.897340426573866555e-03
2.189189189189189122e+01 4.526506267648129807e-03
2.192192192192192124e+01 3.155351701293935933e-03
2.195195195195195126e+01 1.785107185287295676e-03
2.198198198198198128e+01 4.169990122793047803e-04
2.201201201201201130e+01 -9.477517694333353372e-04
2.204204204204204132e+01 -2.307930427619283437e-03
2.207207207207207134e+01 -3.662329609379370507e-03
2.210210210210210136e+01 -5.009750395053399162e-03
2.213213213213213137e+01 -6.349003341861617772e-03
2.216216216216216139e+01 -7.678909516386922193e-03
2.219219219219219141e+01 -8.998301515015891261e-03
2.222222222222222143e+01 -1.030602447146959991e-02
2.225225225225225145e+01 -1.160093705056873190e-02
2.228228228228228147e+01 -1.288191242739175624e-02
2.231231231231231149e+01 -1.414783925099993324e-02
2.234234234234234151e+01 -1.539762259191853472e-02
2.237237237237237153e+01 -1.663018487258008382e-02
2.240240240240240155e+01 -1.784446677995228311e-02
2.243243243243243157e+01 -1.903942815959106319e-02
2.246246246246246159e+01 -2.021404889037732230e-02
2.249249249249249161e+01 -2.136732973921483605e-02
2.252252252252252163e+01 -2.249829319498626232e-02
2.255255255255255165e+01 -2.360598428108419064e-02
2.258258258258258167e+01 -2.468947134585463415e-02
2.261261261261261168e+01 -2.574784683031165408e-02
2.264264264264264170e+01 -2.678022801250323423e-02
2.267267267267267172e+01 -2.778575772793063364e-02
2.270270270270270174e+01 -2.876360506544618084e-02
2.273273273273273176e+01 -2.971296603807720496e-02
2.276276276276276178e+01 -3.063306422824751268e-02
2.279279279279279180e+01 -3.152315140689145034e-02
2.282282282282282182e+01 -3.238250812598000850e-02
2.285285285285285184e+01 -3.321044428400284770e-02
2.288288288288288186e+01 -3.400629966397518411e-02
2.291291291291291188e+01 -3.476944444356368930e-02
2.294294294294294190e+01 -3.549927967695105935e-02
2.297297297297297192e+01 -3.619523774808484223e-02
2.300300300300300194e+01 -3.685678279498202925e-02
2.303303303303303196e+01 -3.748341110478732585e-02
2.306306306306306197e+01 -3.807465147930951671e-02
2.309309309309309199e+01 -3.863006557078691589e-02
2.312312312312312201e+01 -3.914924818765980891e-02
2.315315315315315203e+01 -3.963182757015467489e-02
2.318318318318318205e+01 -4.007746563551228131e-02
2.321321321321321207e+01 -4.048585819271835473e-02
2.324324324324324209e+01 -4.085673512662348766e-02
2.327327327327327211e+01 -4.118986055136544810e-02
2.330330330330330213e+01 -4.148503293303491823e-02
2.333333333333333215e+01 -4.174208518155241021e-02
2.336336336336336217e+01 -4.196088471175175860e-02
2.339339339339339219e+01 -4.214133347369247024e-02
2.342342342342342221e+01 -4.228336795225023231e-02
2.345345345345345223e+01 -4.238695913606210786e-02
2.348348348348348225e+01 -4.245211245592947491e-02
2.351351351351351227e+01 -4.247886769280853625e-02
2.354354354354354228e+01 -4.246729885554483691e-02
2.357357357357357230e+01 -4.241751402853432412e-02
2.360360360360360232e+01 -4.232965518951961603e-02
2.363363363363363234e+01 -4.220389799775606243e-02
2.366366366366366236e+01 -4.204045155280762558e-02
2.369369369369369238e+01 -4.183955812425784598e-02
2.372372372372372240e+01 -4.160149285264636704e-02
2.375375375375375242e+01 -4.132656342196557725e-02
2.378378378378378244e+01 -4.101510970407705459e-02
2.381381381381381246e+01 -4.066750337543031946e-02
2.384384384384384248e+01 -4.028414750649104287e-02
2.387387387387387250e+01 -3.986547612430792892e-02
2.390390390390390252e+01 -3.941195374867094425e-02
2.393393393393393254e+01 -3.892407490233527195e-02
2.396396396396396256e+01 -3.840236359580737058e-02
2.399399399399399258e+01 -3.784737278721073128e-02
2.402402402402402259e+01 -3.725968381776949279e-02
2.405405405405405261e+01 -3.663990582346869640e-02
2.408408408408408263e+01 -3.598867512346916320e-02
2.411411411411411265e+01 -3.530665458587461253e-02
2.414414414414414267e+01 -3.459453297146673073e-02
2.417417417417417269e+01 -3.385302425604234944e-02
2.420420420420420271e+01 -3.308286693200382378e-02
2.423423423423423273e+01 -3.228482328987086064e-02
2.426426426426426275e+01 -3.145967868039796500e-02
2.429429429429429277e+01 -3.060824075799719809e-02
2.432432432432432279e+01 -2.973133870618093269e-02
2.435435435435435281e+01 -2.882982244575328645e-02
2.438438438438438283e+01 -2.790456182649257710e-02
2.441441441441441285e+01 -2.695644580307999041e-02
2.444444444444444287e+01 -2.598638159604156964e-02
2.447447447447447288e+01 -2.499529383848244843e-02
2.450450450450450290e+01 -2.398412370940255361e-02
2.453453453453453292e+01 -2.295382805439339508e-02
2.456456456456456294e+01 -2.190537849452450433e-02
2.459459459459459296e+01 -2.083976052423690273e-02
2.462462462462462298e+01 -1.975797259906862668e-02
2.465465465465465300e+01 -1.866102521404440495e-02
2.468468468468468302e+01 -1.754993997356801144e-02
2.471471471471471304e+01 -1.642574865366125403e-02
2.474474474474474306e+01 -1.528949225739840469e-02
2.477477477477477308e+01 -1.414222006438897380e-02
2.480480480480480310e+01 -1.298498867516494938e-02
2.483483483483483312e+01 -1.181886105133118751e-02
2.486486486486486314e+01 -1.064490555233937874e-02
2.489489489489489316e+01 -9.464194969747060857e-03
2.492492492492492318e+01 -8.277805559823318837e-03
2.495495495495495319e+01 -7.086816075362379654e-03
2.498498498498498321e+01 -5.892306797564951515e-03
2.501501501501501323e+01 -4.695358568845189873e-03
2.504504504504504325e+01 -3.497051827418346664e-03
2.507507507507507327e+01 -2.298465644520660336e-03
2.510510510510510329e+01 -1.100676765108755083e-03
2.513513513513513331e+01 9.524134711918616958e-05
2.516516516516516333e+01 1.288219459543947770e-03
2.519519519519519335e+01 2.477193514457446625e-03
2.522522522522522337e+01 3.661105566083653479e-03
2.525525525525525339e+01 4.838904709973283931e-03
2.528528528528528341e+01 6.009548003965856262e-03
2.531531531531531343e+01 7.172001379922006946e-03
2.534534534534534345e+01 8.325240545438894815e-03
2.537537537537537347e+01 9.468251874772204771e-03
2.540540540540540349e+01 1.060003328819951289e-02
2.543543543543543350e+01 1.171959511907175178e-02
2.546546546546546352e+01 1.282596096781208478e-02
2.549549549549549354e+01 1.391816854213472412e-02
2.552552552552552356e+01 1.499527048277002166e-02
2.555555555555555358e+01 1.605633517399661717e-02
2.558558558558558360e+01 1.710044753829641911e-02
2.561561561561561362e+01 1.812670981446375465e-02
2.564564564564564719e+01 1.913424231851627855e-02
2.567567567567567721e+01 2.012218418677112416e-02
2.570570570570570723e+01 2.108969410046940968e-02
2.573573573573573725e+01 2.203595099134571592e-02
2.576576576576576727e+01 2.296015472756170184e-02
2.579579579579579729e+01 2.386152677943889980e-02
2.582582582582582731e+01 2.473931086444600830e-02
2.585585585585585733e+01 2.559277357091517199e-02
2.588588588588588735e+01 2.642120495998191709e-02
2.591591591591591737e+01 2.722391914526370305e-02
2.594594594594594739e+01 2.800025484981284382e-02
2.597597597597597741e+01 2.874957593990070531e-02
2.600600600600600742e+01 2.947127193521153002e-02
2.603603603603603744e+01 3.016475849504611853e-02
2.606606606606606746e+01 3.082947788015760054e-02
2.609609609609609748e+01 3.146489938986405527e-02
2.612612612612612750e+01 3.207051977410525778e-02
2.615615615615615752e+01 3.264586362013392057e-02
2.618618618618618754e+01 3.319048371355471511e-02
2.621621621621621756e+01 3.370396137344787435e-02
2.624624624624624758e+01 3.418590676133764078e-02
2.627627627627627760e+01 3.463595916378939960e-02
2.630630630630630762e+01 3.505378724844329663e-02
2.633633633633633764e+01 3.543908929331607977e-02
2.636636636636636766e+01 3.579159338922673073e-02
2.639639639639639768e+01 3.611105761522585833e-02
2.642642642642642770e+01 3.639727018693273558e-02
2.645645645645645772e+01 3.665004957770822552e-02
2.648648648648648773e+01 3.686924461261596037e-02
2.651651651651651775e+01 3.705473453514836202e-02
2.654654654654654777e+01 3.720642904671827428e-02
2.657657657657657779e+01 3.732426831894109648e-02
2.660660660660660781e+01 3.740822297875630309e-02
2.663663663663663783e+01 3.745829406646119381e-02
2.666666666666666785e+01 3.747451296675367166e-02
2.669669669669669787e+01 3.745694131290434881e-02
2.672672672672672789e+01 3.740567086420188564e-02
2.675675675675675791e+01 3.732082335683903351e-02
2.678678678678678793e+01 3.720255032842960385e-02
2.681681681681681795e+01 3.705103291636996365e-02
2.684684684684684797e+01 3.686648163028113934e-02
2.687687687687687799e+01 3.664913609878998890e-02
2.690690690690690801e+01 3.639926479093035655e-02
2.693693693693693803e+01 3.611716471246678717e-02
2.696696696696696804e+01 3.580316107746494420e-02
2.699699699699699806e+01 3.545760695545429469e-02
2.702702702702702808e+01 3.508088289454934505e-02
2.705705705705705810e+01 3.467339652091621510e-02
2.708708708708708812e+01 3.423558211499170417e-02
2.711711711711711814e+01 3.376790016488143142e-02
2.714714714714714816e+01 3.327083689738317973e-02
2.717717717717717818e+01 3.274490378710027960e-02
2.720720720720720820e+01 3.219063704412854221e-02
2.723723723723723822e+01 3.160859708081788927e-02
2.726726726726726824e+01 3.099936795812759105e-02
2.729729729729729826e+01 3.036355681211084373e-02
2.732732732732732828e+01 2.970179326108106019e-02
2.735735735735735830e+01 2.901472879402794067e-02
2.738738738738738832e+01 2.830303614086714104e-02
2.741741741741741833e+01 2.756740862512194884e-02
2.744744744744744835e+01 2.680855949964986232e-02
2.747747747747747837e+01 2.602722126604063366e-02
2.750750750750750839e+01 2.522414497832549049e-02
2.753753753753753841e+01 2.440009953164993042e-02
2.756756756756756843e+01 2.355587093657423442e-02
2.759759759759759845e+01 2.269226157967738425e-02
2.762762762762762847e+01 2.181008947115078631e-02
2.765765765765765849e+01 2.091018748007811637e-02
2.768768768768768851e+01 1.999340255810732464e-02
2.771771771771771853e+01 1.906059495222948985e-02
2.774774774774774855e+01 1.811263740738739900e-02
2.777777777777777857e+01 1.715041435964433092e-02
2.780780780780780859e+01 1.617482112065024222e-02
2.783783783783783861e+01 1.518676305414888052e-02
2.786786786786786863e+01 1.418715474527475033e-02
2.789789789789789864e+01 1.317691916339373825e-02
2.792792792792792866e+01 1.215698681924541613e-02
2.795795795795795868e+01 1.112829491714842182e-02
2.798798798798798870e+01 1.009178650303324196e-02
2.801801801801801872e+01 9.048409609068714179e-03
2.804804804804804874e+01 7.999116395650153824e-03
2.807807807807807876e+01 6.944862291517593482e-03
2.810810810810810878e+01 5.886605132772876510e-03
2.813813813813813880e+01 4.825304301563594286e-03
2.816816816816816882e+01 3.761919865200661402e-03
2.819819819819819884e+01 2.697411716474324567e-03
2.822822822822822886e+01 1.632738715930780703e-03
2.825825825825825888e+01 5.688578368682693223e-04
2.828828828828828890e+01 -4.932766861924590398e-04
2.831831831831831892e+01 -1.552714204813024574e-03
2.834834834834834894e+01 -2.608508498972662501e-03
2.837837837837837895e+01 -3.659718613694773557e-03
2.840840840840840897e+01 -4.705409689232297778e-03
2.843843843843843899e+01 -5.744653784086639105e-03
2.846846846846846901e+01 -6.776530690142707966e-03
2.849849849849849903e+01 -7.800128739211108046e-03
2.852852852852852905e+01 -8.814545600277549908e-03
2.855855855855855907e+01 -9.818889066769262777e-03
2.858858858858858909e+01 -1.081227783315842454e-02
2.861861861861861911e+01 -1.179384226023347075e-02
2.864864864864864913e+01 -1.276272512838058648e-02
2.867867867867867915e+01 -1.371808237822959992e-02
2.870870870870870917e+01 -1.465908383803109401e-02
2.873873873873873919e+01 -1.558491393714456219e-02
2.876876876876876921e+01 -1.649477240503100656e-02
2.879879879879879923e+01 -1.738787495515752360e-02
2.882882882882882924e+01 -1.826345395323595439e-02
2.885885885885885926e+01 -1.912075906923279764e-02
2.888888888888888928e+01 -1.995905791260304749e-02
2.891891891891891930e+01 -2.077763665021674713e-02
2.894894894894894932e+01 -2.157580060646333009e-02
2.897897897897897934e+01 -2.235287484503576880e-02
2.900900900900900936e+01 -2.310820473191384575e-02
2.903903903903903938e+01 -2.384115647908338631e-02
2.906906906906906940e+01 -2.455111766854648631e-02
2.909909909909909942e+01 -2.523749775619608948e-02
2.912912912912912944e+01 -2.589972855514689060e-02
2.915915915915915946e+01 -2.653726469813387154e-02
2.918918918918918948e+01 -2.714958407860885992e-02
2.921921921921921950e+01 -2.773618827018531699e-02
2.924924924924924952e+01 -2.829660292410145217e-02
2.927927927927927954e+01 -2.883037814439194657e-02
2.930930930930930955e+01 -2.933708884047894067e-02
2.933933933933933957e+01 -2.981633505691366412e-02
2.936936936936936959e+01 -3.026774228002078806e-02
2.939939939939939961e+01 -3.069096172121874716e-02
2.942942942942942963e+01 -3.108567057681028284e-02
2.945945945945945965e+01 -3.145157226405890377e-02
2.948948948948948967e+01 -3.178839663338832444e-02
2.951951951951951969e+01 -3.209590015656348105e-02
2.954954954954954971e+01 -3.237386609073335947e-02
2.957957957957957973e+01 -3.262210461823754348e-02
2.960960960960960975e+01 -3.284045296210018339e-02
2.963963963963963977e+01 -3.302877547715662304e-02
2.966966966966966979e+01 -3.318696371678007268e-02
2.969969969969969981e+01 -3.331493647519697537e-02
2.972972972972972983e+01 -3.341263980540193357e-02
2.975975975975975985e+01 -3.348004701270422545e-02
2.978978978978978986e+01 -3.351715862396004858e-02
2.981981981981981988e+01 -3.352400233256562501e-02
2.984984984984984990e+01 -3.350063291930812509e-02
2.987987987987987992e+01 -3.344713214919232958e-02
2.990990990990990994e+01 -3.336360864438234208e-02
2.993993993993993996e+01 -3.325019773341823803e-02
2.996996996996996998e+01 -3.310706127688887307e-02
3.000000000000000000e+01 -3.293438746976205811e-02
