x y
0.000000000000000000e+00 1.000000000000000000e+00
3.003003003003002977e-02 9.998643631483962180e-01
6.006006006006005954e-02 9.994575231262053938e-01
9.009009009009008584e-02 9.987796914867688169e-01
1.201201201201201191e-01 9.978312206706140275e-01
1.501501501501501523e-01 9.966126037830044249e-01
1.801801801801801717e-01 9.951244742827222156e-01
2.102102102102102188e-01 9.933676055823011941e-01
2.402402402402402382e-01 9.913429105599887992e-01
2.702702702702702853e-01 9.890514409837743992e-01
3.003003003003003046e-01 9.864943868478800448e-01
3.303303303303303240e-01 9.836730756221774286e-01
3.603603603603603434e-01 9.805889714150491931e-01
3.903903903903903627e-01 9.772436740502734587e-01
4.204204204204204376e-01 9.736389180585720560e-01
4.504504504504504570e-01 9.697765715845214629e-01
4.804804804804804763e-01 9.656586352095788417e-01
5.105105105105105512e-01 9.612872406920445201e-01
5.405405405405405705e-01 9.566646496248270015e-01
5.705705705705705899e-01 9.517932520119412043e-01
6.006006006006006093e-01 9.466755647647273619e-01
6.306306306306306286e-01 9.413142301188244243e-01
6.606606606606606480e-01 9.357120139729984132e-01
6.906906906906906674e-01 9.298718041509705934e-01
7.207207207207206867e-01 9.237966085874477207e-01
7.507507507507507061e-01 9.174895534396076968e-01
7.807807807807807254e-01 9.109538811253422574e-01
8.108108108108108558e-01 9.041929482896171599e-01
8.408408408408408752e-01 8.972102237003461989e-01
8.708708708708708945e-01 8.900092860752347734e-01
9.009009009009009139e-01 8.825938218410921410e-01
9.309309309309309333e-01 8.749676228271554557e-01
9.609609609609609526e-01 8.671345838940142103e-01
9.909909909909909720e-01 8.590987004997737708e-01
1.021021021021021102e+00 8.508640662051248915e-01
1.051051051051051122e+00 8.424348701190458311e-01
1.081081081081081141e+00 8.338153942868877788e-01
1.111111111111111160e+00 8.250100110226403771e-01
1.141141141141141180e+00 8.160231801872145363e-01
1.171171171171171199e+00 8.068594464146068290e-01
1.201201201201201219e+00 7.975234362878533823e-01
1.231231231231231238e+00 7.880198554667084965e-01
1.261261261261261257e+00 7.783534857690195263e-01
1.291291291291291277e+00 7.685291822077965351e-01
1.321321321321321296e+00 7.585518699860067660e-01
1.351351351351351315e+00 7.484265414511500625e-01
1.381381381381381335e+00 7.381582530116979068e-01
1.411411411411411354e+00 7.277521220175053873e-01
1.441441441441441373e+00 7.172133236063235051e-01
1.471471471471471393e+00 7.065470875185675403e-01
1.501501501501501412e+00 6.957586948825094098e-01
1.531531531531531432e+00 6.848534749720880388e-01
1.561561561561561451e+00 6.738368019395436503e-01
1.591591591591591470e+00 6.627140915250969710e-01
1.621621621621621712e+00 6.514907977459115651e-01
1.651651651651651731e+00 6.401724095665881631e-01
1.681681681681681750e+00 6.287644475534436284e-01
1.711711711711711770e+00 6.172724605148502963e-01
1.741741741741741789e+00 6.057020221299030949e-01
1.771771771771771808e+00 5.940587275676969536e-01
1.801801801801801828e+00 5.823481900994988969e-01
1.831831831831831847e+00 5.705760377060979938e-01
1.861861861861861867e+00 5.587479096826224456e-01
1.891891891891891886e+00 5.468694532431062072e-01
1.921921921921921905e+00 5.349463201270906465e-01
1.951951951951951925e+00 5.229841632105360905e-01
1.981981981981981944e+00 5.109886331233186585e-01
2.012012012012012185e+00 4.989653748755735752e-01
2.042042042042042205e+00 4.869200244951443768e-01
2.072072072072072224e+00 4.748582056783769989e-01
2.102102102102102243e+00 4.627855264564961213e-01
2.132132132132132263e+00 4.507075758797777221e-01
2.162162162162162282e+00 4.386299207217228546e-01
2.192192192192192302e+00 4.265581022054156790e-01
2.222222222222222321e+00 4.144976327542329586e-01
2.252252252252252340e+00 4.024539927690515828e-01
2.282282282282282360e+00 3.904326274340774727e-01
2.312312312312312379e+00 3.784389435533980772e-01
2.342342342342342398e+00 3.664783064203328000e-01
2.372372372372372418e+00 3.545560367216332165e-01
2.402402402402402437e+00 3.426774074785549629e-01
2.432432432432432456e+00 3.308476410267932044e-01
2.462462462462462476e+00 3.190719060372462224e-01
2.492492492492492495e+00 3.073553145795364649e-01
2.522522522522522515e+00 2.957029192301880993e-01
2.552552552552552534e+00 2.841197102273221309e-01
2.582582582582582553e+00 2.726106126736989599e-01
2.612612612612612573e+00 2.611804837898957787e-01
2.642642642642642592e+00 2.498341102193732122e-01
2.672672672672672611e+00 2.385762053871406108e-01
2.702702702702702631e+00 2.274114069136942973e-01
2.732732732732732650e+00 2.163442740858567970e-01
2.762762762762762669e+00 2.053792853861038381e-01
2.792792792792792689e+00 1.945208360819219440e-01
2.822822822822822708e+00 1.837732358766943352e-01
2.852852852852852727e+00 1.731407066235659820e-01
2.882882882882882747e+00 1.626273801036925704e-01
2.912912912912912766e+00 1.522372958702286894e-01
2.942942942942942786e+00 1.419743991593637733e-01
2.972972972972972805e+00 1.318425388696619349e-01
3.003003003003002824e+00 1.218454656109134310e-01
3.033033033033032844e+00 1.119868298236525866e-01
3.063063063063062863e+00 1.022701799704451853e-01
3.093093093093092882e+00 9.269896079999620508e-02
3.123123123123122902e+00 8.327651168507424484e-02
3.153153153153152921e+00 7.400606503519449597e-02
3.183183183183182940e+00 6.489074478494943898e-02
3.213213213213213404e+00 5.593356495881767615e-02
3.243243243243243423e+00 4.713742831322972893e-02
3.273273273273273443e+00 3.850512505660803886e-02
3.303303303303303462e+00 3.003933164804774639e-02
3.333333333333333481e+00 2.174260967524229218e-02
3.363363363363363501e+00 1.361740481220371536e-02
3.393393393393393520e+00 5.666045857268781766e-03
3.423423423423423539e+00 -2.109256148176356493e-03
3.453453453453453559e+00 -9.706408719877586064e-03
3.483483483483483578e+00 -1.712343864948395397e-02
3.513513513513513598e+00 -2.435849264165044006e-02
3.543543543543543617e+00 -3.140983786927283028e-02
3.573573573573573636e+00 -3.827586244671345866e-02
3.603603603603603656e+00 -4.495507582093611482e-02
3.633633633633633675e+00 -5.144610908052557607e-02
3.663663663663663694e+00 -5.774771518262708514e-02
3.693693693693693714e+00 -6.385876909789792166e-02
3.723723723723723733e+00 -6.977826787362281791e-02
3.753753753753753752e+00 -7.550533061520170452e-02
3.783783783783783772e+00 -8.103919838627637873e-02
3.813813813813813791e+00 -8.637923402781993998e-02
3.843843843843843811e+00 -9.152492189656970256e-02
3.873873873873873830e+00 -9.647586752324122106e-02
3.903903903903903849e+00 -1.012317971910161873e-01
3.933933933933933869e+00 -1.057925574348540371e-01
3.963963963963963888e+00 -1.101581144622311437e-01
3.993993993993993907e+00 -1.143285534959657956e-01
4.024024024024024371e+00 -1.183040780398431635e-01
4.054054054054054390e+00 -1.220850090678040345e-01
4.084084084084084409e+00 -1.256717841375188660e-01
4.114114114114114429e+00 -1.290649564292148666e-01
4.144144144144144448e+00 -1.322651937106802400e-01
4.174174174174174468e+00 -1.352732772294160946e-01
4.204204204204204487e+00 -1.380901005329592812e-01
4.234234234234234506e+00 -1.407166682184454176e-01
4.264264264264264526e+00 -1.431540946125311742e-01
4.294294294294294545e+00 -1.454036023828406687e-01
4.324324324324324564e+00 -1.474665210821472228e-01
4.354354354354354584e+00 -1.493442856265466134e-01
4.384384384384384603e+00 -1.510384347089215040e-01
4.414414414414414622e+00 -1.525506091490403116e-01
4.444444444444444642e+00 -1.538825501816745711e-01
4.474474474474474661e+00 -1.550360976841607397e-01
4.504504504504504681e+00 -1.560131883448701018e-01
4.534534534534534700e+00 -1.568158537740911018e-01
4.564564564564564719e+00 -1.574462185588633711e-01
4.594594594594594739e+00 -1.579064982633400505e-01
4.624624624624624758e+00 -1.581989973762887858e-01
4.654654654654654777e+00 -1.583261072073760822e-01
4.684684684684684797e+00 -1.582903037339108698e-01
4.714714714714714816e+00 -1.580941453997544155e-01
4.744744744744744835e+00 -1.577402708681333865e-01
4.774774774774774855e+00 -1.572313967301203763e-01
4.804804804804804874e+00 -1.565703151705729879e-01
4.834834834834834894e+00 -1.557598915933489370e-01
4.864864864864864913e+00 -1.548030622076368990e-01
4.894894894894894932e+00 -1.537028315772664133e-01
4.924924924924924952e+00 -1.524622701348819775e-01
4.954954954954954971e+00 -1.510845116628831419e-01
4.984984984984984990e+00 -1.495727507430544556e-01
5.015015015015015010e+00 -1.479302401768230468e-01
5.045045045045045029e+00 -1.461602883780974693e-01
5.075075075075075048e+00 -1.442662567406562124e-01
5.105105105105105068e+00 -1.422515569820649028e-01
5.135135135135135087e+00 -1.401196484661130226e-01
5.165165165165165106e+00 -1.378740355057701261e-01
5.195195195195195126e+00 -1.355182646486688680e-01
5.225225225225225145e+00 -1.330559219471283694e-01
5.255255255255255165e+00 -1.304906302147368358e-01
5.285285285285285184e+00 -1.278260462715144485e-01
5.315315315315315203e+00 -1.250658581796799396e-01
5.345345345345345223e+00 -1.222137824720446880e-01
5.375375375375375242e+00 -1.192735613750558477e-01
5.405405405405405261e+00 -1.162489600285077640e-01
5.435435435435435281e+00 -1.131437637039370975e-01
5.465465465465465300e+00 -1.099617750237102398e-01
5.495495495495495319e+00 -1.067068111828045479e-01
5.525525525525525339e+00 -1.033827011752772723e-01
5.555555555555555358e+00 -9.999328302740360941e-02
5.585585585585585378e+00 -9.654240103945614659e-02
5.615615615615615397e+00 -9.303390303808249662e-02
5.645645645645645416e+00 -8.947163764122524621e-02
5.675675675675675436e+00 -8.585945153751102510e-02
5.705705705705705455e+00 -8.220118678201900064e-02
5.735735735735735474e+00 -7.850067811031966047e-02
5.765765765765765494e+00 -7.476175027265552497e-02
5.795795795795795513e+00 -7.098821539011279658e-02
5.825825825825825532e+00 -6.718387033461140079e-02
5.855855855855855552e+00 -6.335249413451597700e-02
5.885885885885885571e+00 -5.949784540764518903e-02
5.915915915915915591e+00 -5.562365982343046161e-02
5.945945945945945610e+00 -5.173364759594676482e-02
5.975975975975975629e+00 -4.783149100950983418e-02
6.006006006006005649e+00 -4.392084197850305849e-02
6.036036036036035668e+00 -4.000531964306659749e-02
6.066066066066065687e+00 -3.608850800224824157e-02
6.096096096096095707e+00 -3.217395358618235779e-02
6.126126126126125726e+00 -2.826516316882799265e-02
6.156156156156155745e+00 -2.436560152276195587e-02
6.186186186186185765e+00 -2.047868921748550314e-02
6.216216216216215784e+00 -1.660780046266575188e-02
6.246246246246245803e+00 -1.275626099769408897e-02
6.276276276276275823e+00 -8.927346028904156044e-03
6.306306306306305842e+00 -5.124278215751594881e-03
6.336336336336335862e+00 -1.350225707216125975e-03
6.366366366366365881e+00 2.391699770355530837e-03
6.396396396396395900e+00 6.098444772790411264e-03
6.426426426426426808e+00 9.767015943882333823e-03
6.456456456456456827e+00 1.339448176634915402e-02
6.486486486486486847e+00 1.697797425691416340e-02
6.516516516516516866e+00 2.051469060451297996e-02
6.546546546546546885e+00 2.400189475067808845e-02
6.576576576576576905e+00 2.743691891119742071e-02
6.606606606606606924e+00 3.081716503819208544e-02
6.636636636636636943e+00 3.414010622180591731e-02
6.666666666666666963e+00 3.740328803074828568e-02
6.696696696696696982e+00 4.060432979098033829e-02
6.726726726726727001e+00 4.374092580188432972e-02
6.756756756756757021e+00 4.681084648930509268e-02
6.786786786786787040e+00 4.981193949490288903e-02
6.816816816816817060e+00 5.274213070130704534e-02
6.846846846846847079e+00 5.559942519260979710e-02
6.876876876876877098e+00 5.838190814979136306e-02
6.906906906906907118e+00 6.108774568071675265e-02
6.936936936936937137e+00 6.371518558439694113e-02
6.966966966966967156e+00 6.626255804925686166e-02
6.996996996996997176e+00 6.872827628520462862e-02
7.027027027027027195e+00 7.111083708934670677e-02
7.057057057057057214e+00 7.340882134524480407e-02
7.087087087087087234e+00 7.562089445566128054e-02
7.117117117117117253e+00 7.774580670879029098e-02
7.147147147147147273e+00 7.978239357802259513e-02
7.177177177177177292e+00 8.172957595534240116e-02
7.207207207207207311e+00 8.358636031850393000e-02
7.237237237237237331e+00 8.535183883218655509e-02
7.267267267267267350e+00 8.702518938337533427e-02
7.297297297297297369e+00 8.860567555126416805e-02
7.327327327327327389e+00 9.009264651202626706e-02
7.357357357357357408e+00 9.148553687884643237e-02
7.387387387387387427e+00 9.278386647765592132e-02
7.417417417417417447e+00 9.398724005905891021e-02
7.447447447447447466e+00 9.509534694698651425e-02
7.477477477477477485e+00 9.610796062465958023e-02
7.507507507507507505e+00 9.702493825848809705e-02
7.537537537537537524e+00 9.784622016057935301e-02
7.567567567567567544e+00 9.857182919057175252e-02
7.597597597597597563e+00 9.920187009755432328e-02
7.627627627627627582e+00 9.973652880287513234e-02
7.657657657657657602e+00 1.001760716246838101e-01
7.687687687687687621e+00 1.005208444450946120e-01
7.717717717717717640e+00 1.007712718208970265e-01
7.747747747747747660e+00 1.009278560387803919e-01
7.777777777777777679e+00 1.009911761160776772e-01
7.807807807807807698e+00 1.009618867480718551e-01
7.837837837837837718e+00 1.008407172029440607e-01
7.867867867867867737e+00 1.006284701654801411e-01
7.897897897897897757e+00 1.003260205306855807e-01
7.927927927927927776e+00 9.993431414849393568e-02
7.957957957957957795e+00 9.945436652078573636e-02
7.987987987987987815e+00 9.888726145196748141e-02
8.018018018018018722e+00 9.823414965439014601e-02
8.048048048048048742e+00 9.749624730991736377e-02
8.078078078078078761e+00 9.667483458898065707e-02
8.108108108108108780e+00 9.577125412848723485e-02
8.138138138138138800e+00 9.478690946997224420e-02
8.168168168168168819e+00 9.372326345941126013e-02
8.198198198198198838e+00 9.258183661013397181e-02
8.228228228228228858e+00 9.136420543030139563e-02
8.258258258258258877e+00 9.007200071643151063e-02
8.288288288288288896e+00 8.870690581447697454e-02
8.318318318318318916e+00 8.727065484997909017e-02
8.348348348348348935e+00 8.576503092883801249e-02
8.378378378378378954e+00 8.419186431025738049e-02
8.408408408408408974e+00 8.255303055343524155e-02
8.438438438438438993e+00 8.085044863958737449e-02
8.468468468468469013e+00 7.908607907090244027e-02
8.498498498498499032e+00 7.726192194803796487e-02
8.528528528528529051e+00 7.538001502777764984e-02
8.558558558558559071e+00 7.344243176247823579e-02
8.588588588588589090e+00 7.145127932294179085e-02
8.618618618618619109e+00 6.940869660635493044e-02
8.648648648648649129e+00 6.731685223094159565e-02
8.678678678678679148e+00 6.517794251897938984e-02
8.708708708708709167e+00 6.299418946983069423e-02
8.738738738738739187e+00 6.076783872464194131e-02
8.768768768768769206e+00 5.850115752436259309e-02
8.798798798798799226e+00 5.619643266273417759e-02
8.828828828828829245e+00 5.385596843589653820e-02
8.858858858858859264e+00 5.148208459025400974e-02
8.888888888888889284e+00 4.907711427023813550e-02
8.918918918918919303e+00 4.664340196759735047e-02
8.948948948948949322e+00 4.418330147383503492e-02
8.978978978978979342e+00 4.169917383740837091e-02
9.009009009009009361e+00 3.919338532728951219e-02
9.039039039039039380e+00 3.666830540447858777e-02
9.069069069069069400e+00 3.412630470304497260e-02
9.099099099099099419e+00 3.156975302225907554e-02
9.129129129129129439e+00 2.900101733136082813e-02
9.159159159159159458e+00 2.642245978849507362e-02
9.189189189189189477e+00 2.383643577532545271e-02
9.219219219219219497e+00 2.124529194882003591e-02
9.249249249249249516e+00 1.865136431168137876e-02
9.279279279279279535e+00 1.605697630287273789e-02
9.309309309309309555e+00 1.346443690966984269e-02
9.339339339339339574e+00 1.087603880264423339e-02
9.369369369369369593e+00 8.294056494959907433e-03
9.399399399399399613e+00 5.720744527339645738e-03
9.429429429429429632e+00 3.158335680030956421e-03
9.459459459459459651e+00 6.090392130743873655e-04
9.489489489489489671e+00 -1.924960863851357283e-03
9.519519519519519690e+00 -4.441507490762216376e-03
9.549549549549549710e+00 -6.938472224664189378e-03
9.579579579579579729e+00 -9.413756873626982075e-03
9.609609609609609748e+00 -1.186529509648329324e-02
9.639639639639639768e+00 -1.429105396703350683e-02
9.669669669669669787e+00 -1.668903550166901673e-02
9.699699699699699806e+00 -1.905727814936134662e-02
9.729729729729729826e+00 -2.139385824299900110e-02
9.759759759759759845e+00 -2.369689141108945532e-02
9.789789789789789864e+00 -2.596453394887969154e-02
9.819819819819819884e+00 -2.819498414798550512e-02
9.849849849849849903e+00 -3.038648358365699659e-02
9.879879879879879923e+00 -3.253731835884563633e-02
9.909909909909909942e+00 -3.464582030427657694e-02
9.939939939939939961e+00 -3.671036813376875318e-02
9.969969969969969981e+00 -3.872938855408482317e-02
1.000000000000000000e+01 -4.070135732863250366e-02
1.003003003003003002e+01 -4.262480029437929613e-02
1.006006006006006004e+01 -4.449829433138285245e-02
1.009009009009009006e+01 -4.632046828438023817e-02
1.012012012012012008e+01 -4.809000383592072075e-02
1.015015015015015010e+01 -4.980563633056736550e-02
1.018018018018018012e+01 -5.146615554973535400e-02
1.021021021021021014e+01 -5.307040643677594927e-02
1.024024024024024015e+01 -5.461728977195749041e-02
1.027027027027027017e+01 -5.610576279703653052e-02
1.030030030030030019e+01 -5.753483978915498870e-02
1.033033033033033021e+01 -5.890359258384057078e-02
1.036036036036036023e+01 -6.021115104693085252e-02
1.039039039039039025e+01 -6.145670349528323945e-02
1.042042042042042027e+01 -6.263949706617499835e-02
1.045045045045045029e+01 -6.375883803534031224e-02
1.048048048048048031e+01 -6.481409208363264618e-02
1.051051051051051033e+01 -6.580468451234297578e-02
1.054054054054054035e+01 -6.673010040724611236e-02
1.057057057057057037e+01 -6.758988475148831887e-02
1.060060060060060039e+01 -6.838364248747151597e-02
1.063063063063063041e+01 -6.911103852792917224e-02
1.066066066066066043e+01 -6.977179771643075845e-02
1.069069069069069045e+01 -7.036570473759083677e-02
1.072072072072072046e+01 -7.089260397729967023e-02
1.075075075075075048e+01 -7.135239933333091533e-02
1.078078078078078050e+01 -7.174505397672174822e-02
1.081081081081081052e+01 -7.207059006435860560e-02
1.084084084084084054e+01 -7.232908840324062116e-02
1.087087087087087056e+01 -7.252068806692942016e-02
1.090090090090090058e+01 -7.264558596473207064e-02
1.093093093093093060e+01 -7.270403636419912885e-02
1.096096096096096062e+01 -7.269635036755681123e-02
1.099099099099099064e+01 -7.262289534272625691e-02
1.102102102102102066e+01 -7.248409430961838540e-02
1.105105105105105068e+01 -7.228042528242599463e-02
1.108108108108108070e+01 -7.201242056866796748e-02
1.111111111111111072e+01 -7.168066602577304047e-02
1.114114114114114074e+01 -7.128580027602181290e-02
1.117117117117117076e+01 -7.082851388069683063e-02
1.120120120120120077e+01 -7.030954847432034638e-02
1.123123123123123079e+01 -6.972969585988821051e-02
1.126126126126126081e+01 -6.908979706603757265e-02
1.129129129129129083e+01 -6.839074136711241481e-02
1.132132132132132085e+01 -6.763346526711813689e-02
1.135135135135135087e+01 -6.681895144858182589e-02
1.138138138138138089e+01 -6.594822768735965346e-02
1.141141141141141091e+01 -6.502236573445634160e-02
1.144144144144144093e+01 -6.404248016594452086e-02
1.147147147147147095e+01 -6.300972720209414846e-02
1.150150150150150097e+01 -6.192530349684173541e-02
1.153153153153153099e+01 -6.079044489875024687e-02
1.156156156156156101e+01 -5.960642518462860168e-02
1.159159159159159103e+01 -5.837455476699757867e-02
1.162162162162162105e+01 -5.709617937660561859e-02
1.165165165165165106e+01 -5.577267872121395575e-02
1.168168168168168108e+01 -5.440546512188473155e-02
1.171171171171171110e+01 -5.299598212801945318e-02
1.174174174174174112e+01 -5.154570311240765784e-02
1.177177177177177114e+01 -5.005612984755697381e-02
1.180180180180180116e+01 -4.852879106458592162e-02
1.183183183183183118e+01 -4.696524099597023522e-02
1.186186186186186120e+01 -4.536705790344131711e-02
1.189189189189189122e+01 -4.373584259234267191e-02
1.192192192192192124e+01 -4.207321691375564415e-02
1.195195195195195126e+01 -4.038082225571126144e-02
1.198198198198198128e+01 -3.866031802480774521e-02
1.201201201201201130e+01 -3.691338011955674209e-02
1.204204204204204132e+01 -3.514169939678200849e-02
1.207207207207207134e+01 -3.334698013239523195e-02
1.210210210210210136e+01 -3.153093847787252074e-02
1.213213213213213137e+01 -2.969530091375369163e-02
1.216216216216216139e+01 -2.784180270148303715e-02
1.219219219219219141e+01 -2.597218633490687434e-02
1.222222222222222143e+01 -2.408819999273748361e-02
1.225225225225225145e+01 -2.219159599328759599e-02
1.228228228228228147e+01 -2.028412925277165921e-02
1.231231231231231149e+01 -1.836755574846255651e-02
1.234234234234234151e+01 -1.644363098798266865e-02
1.237237237237237153e+01 -1.451410848599815444e-02
1.240240240240240155e+01 -1.258073824957389904e-02
1.243243243243243157e+01 -1.064526527343429702e-02
1.246246246246246159e+01 -8.709428046361636713e-03
1.249249249249249161e+01 -6.774957069949711676e-03
1.252252252252252163e+01 -4.843573390914964784e-03
1.255255255255255165e+01 -2.916987148151198132e-03
1.258258258258258167e+01 -9.968961356969638019e-04
1.261261261261261168e+01 9.150156172334666287e-04
1.264264264264264170e+01 2.817079248023449112e-03
1.267267267267267172e+01 4.707642443119376859e-03
1.270270270270270174e+01 6.585070800096526518e-03
1.273273273273273176e+01 8.447749168255172872e-03
1.276276276276276178e+01 1.029408296669916470e-02
1.279279279279279180e+01 1.212249947887211916e-02
1.282282282282282360e+01 1.393144912255047004e-02
1.285285285285285362e+01 1.571940669431646370e-02
1.288288288288288364e+01 1.748487258756155696e-02
1.291291291291291365e+01 1.922637398309337206e-02
1.294294294294294367e+01 2.094246601144931011e-02
1.297297297297297369e+01 2.263173288604548861e-02
1.300300300300300371e+01 2.429278900631813218e-02
1.303303303303303373e+01 2.592428003004316334e-02
1.306306306306306375e+01 2.752488391404874293e-02
1.309309309309309377e+01 2.909331192256561782e-02
1.312312312312312379e+01 3.062830960248977968e-02
1.315315315315315381e+01 3.212865772486338950e-02
1.318318318318318383e+01 3.359317319191039430e-02
1.321321321321321385e+01 3.502070990899563974e-02
1.324324324324324387e+01 3.641015962090785041e-02
1.327327327327327389e+01 3.776045271189949065e-02
1.330330330330330391e+01 3.907055896894932878e-02
1.333333333333333393e+01 4.033948830774674449e-02
1.336336336336336394e+01 4.156629146093017424e-02
1.339339339339339396e+01 4.275006062814580565e-02
1.342342342342342398e+01 4.388993008752668096e-02
1.345345345345345400e+01 4.498507676822657148e-02
1.348348348348348402e+01 4.603472078367717990e-02
1.351351351351351404e+01 4.703812592527200492e-02
1.354354354354354406e+01 4.799460011621459188e-02
1.357357357357357408e+01 4.890349582530385819e-02
1.360360360360360410e+01 4.976421044046398789e-02
1.363363363363363412e+01 5.057618660186088272e-02
1.366366366366366414e+01 5.133891249448269828e-02
1.369369369369369416e+01 5.205192210009609161e-02
1.372372372372372418e+01 5.271479540852526402e-02
1.375375375375375420e+01 5.332715858823505045e-02
1.378378378378378422e+01 5.388868411623430610e-02
1.381381381381381424e+01 5.439909086735013333e-02
1.384384384384384425e+01 5.485814416295786006e-02
1.387387387387387427e+01 5.526565577928576473e-02
1.390390390390390429e+01 5.562148391544741860e-02
1.393393393393393431e+01 5.592553312138841271e-02
1.396396396396396433e+01 5.617775418596703679e-02
1.399399399399399435e+01 5.637814398542237426e-02
1.402402402402402437e+01 5.652674529251519586e-02
1.405405405405405439e+01 5.662364654666007108e-02
1.408408408408408441e+01 5.666898158539864644e-02
1.411411411411411443e+01 5.666292933759603523e-02
1.414414414414414445e+01 5.660571347877311338e-02
1.417417417417417447e+01 5.649760204901845689e-02
1.420420420420420449e+01 5.633890703395364602e-02
1.423423423423423451e+01 5.612998390925581782e-02
1.426426426426426453e+01 5.587123114926979828e-02
1.429429429429429455e+01 5.556308970027179495e-02
1.432432432432432456e+01 5.520604241897369285e-02
1.435435435435435458e+01 5.480061347688518908e-02
1.438438438438438460e+01 5.434736773117745945e-02
1.441441441441441462e+01 5.384691006271857122e-02
1.444444444444444464e+01 5.329988468197611323e-02
1.447447447447447466e+01 5.270697440350755741e-02
1.450450450450450468e+01 5.206889988978315870e-02
1.453453453453453470e+01 5.138641886510944556e-02
1.456456456456456472e+01 5.066032530044424498e-02
1.459459459459459474e+01 4.989144856991609145e-02
1.462462462462462476e+01 4.908065257988238062e-02
1.465465465465465478e+01 4.822883487138046599e-02
1.468468468468468480e+01 4.733692569684634643e-02
1.471471471471471482e+01 4.640588707199370944e-02
1.474474474474474484e+01 4.543671180376471913e-02
1.477477477477477485e+01 4.443042249528054988e-02
1.480480480480480487e+01 4.338807052873661779e-02
1.483483483483483489e+01 4.231073502720246460e-02
1.486486486486486491e+01 4.119952179630105571e-02
1.489489489489489493e+01 4.005556224675606292e-02
1.492492492492492495e+01 3.888001229880835158e-02
1.495495495495495497e+01 3.767405126951512556e-02
1.498498498498498499e+01 3.643888074395595228e-02
1.501501501501501501e+01 3.517572343138027080e-02
1.504504504504504503e+01 3.388582200734006206e-02
1.507507507507507505e+01 3.257043794285971461e-02
1.510510510510510507e+01 3.123085032170268283e-02
1.513513513513513509e+01 2.986835464680055383e-02
1.516516516516516511e+01 2.848426163691638799e-02
1.519519519519519513e+01 2.707989601461785814e-02
1.522522522522522515e+01 2.565659528664044828e-02
1.525525525525525516e+01 2.421570851772273866e-02
1.528528528528528518e+01 2.275859509899826050e-02
1.531531531531531520e+01 2.128662351202907643e-02
1.534534534534534522e+01 1.980117008956603850e-02
1.537537537537537524e+01 1.830361777411999152e-02
1.540540540540540526e+01 1.679535487542606689e-02
1.543543543543543528e+01 1.527777382788044966e-02
1.546546546546546530e+01 1.375226994902539919e-02
1.549549549549549532e+01 1.222024020015347046e-02
1.552552552552552534e+01 1.068308195009649679e-02
1.555555555555555536e+01 9.142191743258440070e-03
1.558558558558558538e+01 7.598964072943887628e-03
1.561561561561561540e+01 6.054790161025786453e-03
1.564564564564564542e+01 4.511056744987009849e-03
1.567567567567567544e+01 2.969144873360401744e-03
1.570570570570570545e+01 1.430428710581221115e-03
1.573573573573573547e+01 -1.037256477456633004e-04
1.576576576576576549e+01 -1.631961348173872678e-03
1.579579579579579551e+01 -3.152931940362174289e-03
1.582582582582582553e+01 -4.665302524676917875e-03
1.585585585585585555e+01 -6.167750885502273558e-03
1.588588588588588557e+01 -7.658968609325841025e-03
1.591591591591591559e+01 -9.137662186683388754e-03
1.594594594594594561e+01 -1.060255409706367148e-02
1.597597597597597563e+01 -1.205238387589177909e-02
1.600600600600600742e+01 -1.348590916272823445e-02
1.603603603603603744e+01 -1.490190672983928225e-02
1.606606606606606746e+01 -1.629917349031563892e-02
1.609609609609609748e+01 -1.767652748493423256e-02
1.612612612612612750e+01 -1.903280884698151446e-02
1.615615615615615752e+01 -2.036688074427681419e-02
1.618618618618618754e+01 -2.167763029765691629e-02
1.621621621621621756e+01 -2.296396947520599335e-02
1.624624624624624758e+01 -2.422483596153788415e-02
1.627627627627627760e+01 -2.545919400146208836e-02
1.630630630630630762e+01 -2.666603521738887539e-02
1.633633633633633764e+01 -2.784437939985366997e-02
1.636636636636636766e+01 -2.899327527056638418e-02
1.639639639639639768e+01 -3.011180121741688018e-02
1.642642642642642770e+01 -3.119906600089395257e-02
1.645645645645645772e+01 -3.225420943140160784e-02
1.648648648648648773e+01 -3.327640301698344544e-02
1.651651651651651775e+01 -3.426485058099282971e-02
1.654654654654654777e+01 -3.521878884927437392e-02
1.657657657657657779e+01 -3.613748800644989850e-02
1.660660660660660781e+01 -3.702025222092991674e-02
1.663663663663663783e+01 -3.786642013830024411e-02
1.666666666666666785e+01 -3.867536534276166948e-02
1.669669669669669787e+01 -3.944649678632933948e-02
1.672672672672672789e+01 -4.017925918552732456e-02
1.675675675675675791e+01 -4.087313338534294405e-02
1.678678678678678793e+01 -4.152763669023429305e-02
1.681681681681681795e+01 -4.214232316201384221e-02
1.684684684684684797e+01 -4.271678388446002034e-02
1.687687687687687799e+01 -4.325064719453811796e-02
1.690690690690690801e+01 -4.374357888014104162e-02
1.693693693693693803e+01 -4.419528234428982821e-02
1.696696696696696804e+01 -4.460549873576283297e-02
1.699699699699699806e+01 -4.497400704615212713e-02
1.702702702702702808e+01 -4.530062417337404890e-02
1.705705705705705810e+01 -4.558520495169079978e-02
1.708708708708708812e+01 -4.582764214832744237e-02
1.711711711711711814e+01 -4.602786642679891627e-02
1.714714714714714816e+01 -4.618584627708884754e-02
1.717717717717717818e+01 -4.630158791285089726e-02
1.720720720720720820e+01 -4.637513513583130936e-02
1.723723723723723822e+01 -4.640656916773895635e-02
1.726726726726726824e+01 -4.639600844981694311e-02
1.729729729729729826e+01 -4.634360841039663476e-02
1.732732732732732828e+01 -4.624956120074245197e-02
1.735735735735735830e+01 -4.611409539952145836e-02
1.738738738738738832e+01 -4.593747568625899252e-02
1.741741741741741833e+01 -4.572000248416625140e-02
1.744744744744744835e+01 -4.546201157275191890e-02
1.747747747747747837e+01 -4.516387367065458763e-02
1.750750750750750839e+01 -4.482599398915689676e-02
1.753753753753753841e+01 -4.444881175686691416e-02
1.756756756756756843e+01 -4.403279971607517579e-02
1.759759759759759845e+01 -4.357846359131924835e-02
1.762762762762762847e+01 -4.308634153071004558e-02
1.765765765765765849e+01 -4.255700352059563207e-02
1.768768768768768851e+01 -4.199105077416046689e-02
1.771771771771771853e+01 -4.138911509457791210e-02
1.774774774774774855e+01 -4.075185821335459285e-02
1.777777777777777857e+01 -4.007997110452457545e-02
1.780780780780780859e+01 -3.937417327537032913e-02
1.783783783783783861e+01 -3.863521203436544316e-02
1.786786786786786863e+01 -3.786386173705250102e-02
1.789789789789789864e+01 -3.706092301058527133e-02
1.792792792792792866e+01 -3.622722195768195153e-02
1.795795795795795868e+01 -3.536360934075091778e-02
1.798798798798798870e+01 -3.447095974696558207e-02
1.801801801801801872e+01 -3.355017073507939734e-02
1.804804804804804874e+01 -3.260216196478503414e-02
1.807807807807807876e+01 -3.162787430943495015e-02
1.810810810810810878e+01 -3.062826895295205770e-02
1.813813813813813880e+01 -2.960432647177093160e-02
1.816816816816816882e+01 -2.855704590266003665e-02
1.819819819819819884e+01 -2.748744379728533874e-02
1.822822822822822886e+01 -2.639655326438457295e-02
1.825825825825825888e+01 -2.528542300042954313e-02
1.828828828828828890e+01 -2.415511630966124187e-02
1.831831831831831892e+01 -2.300671011438903263e-02
1.834834834834834894e+01 -2.184129395645103069e-02
1.837837837837837895e+01 -2.065996899073778773e-02
1.840840840840840897e+01 -1.946384697168546812e-02
1.843843843843843899e+01 -1.825404923364819937e-02
1.846846846846846901e+01 -1.703170566606186653e-02
1.849849849849849903e+01 -1.579795368431333863e-02
1.852852852852852905e+01 -1.455393719723011535e-02
1.855855855855855907e+01 -1.330080557210576095e-02
1.858858858858858909e+01 -1.203971259817552750e-02
1.861861861861861911e+01 -1.077181544945561911e-02
1.864864864864864913e+01 -9.498273647857017818e-03
1.867867867867867915e+01 -8.220248027482019576e-03
1.870870870870870917e+01 -6.938899701007826548e-03
1.873873873873873919e+01 -5.655389029057060826e-03
1.876876876876876921e+01 -4.370874593449737555e-03
1.879879879879879923e+01 -3.086512175225215870e-03
1.882882882882882924e+01 -1.803453738315876319e-03
1.885885885885885926e+01 -5.228464197466749057e-04
1.888888888888888928e+01 7.541684727735066974e-04
1.891891891891891930e+01 2.026456455011840536e-03
1.894894894894894932e+01 3.292890851275693739e-03
1.897897897897897934e+01 4.552353769544194295e-03
1.900900900900900936e+01 5.803737065841643554e-03
1.903903903903903938e+01 7.045943297038980910e-03
1.906906906906906940e+01 8.277886661282051611e-03
1.909909909909909942e+01 9.498493925258463810e-03
1.912912912912912944e+01 1.070670533752881778e-02
1.915915915915915946e+01 1.190147552716228942e-02
1.918918918918918948e+01 1.308177438693182079e-02
1.921921921921921950e+01 1.424658794033964795e-02
1.924924924924924952e+01 1.539491919176030205e-02
1.927927927927927954e+01 1.652578895900489245e-02
1.930930930930930955e+01 1.763823668762800473e-02
1.933933933933933957e+01 1.873132124631634796e-02
1.936936936936936959e+01 1.980412170271678846e-02
1.939939939939939961e+01 2.085573807908043878e-02
1.942942942942942963e+01 2.188529208711863239e-02
1.945945945945945965e+01 2.289192784148699408e-02
1.948948948948948967e+01 2.387481255133367883e-02
1.951951951951951969e+01 2.483313718936901518e-02
1.954954954954954971e+01 2.576611713793482833e-02
1.957957957957957973e+01 2.667299281157345381e-02
1.960960960960960975e+01 2.755303025561816471e-02
1.963963963963963977e+01 2.840552172034958509e-02
1.966966966966966979e+01 2.922978621028465840e-02
1.969969969969969981e+01 3.002517000818843984e-02
1.972972972972972983e+01 3.079104717342160194e-02
1.975975975975975985e+01 3.152682001426072855e-02
1.978978978978978986e+01 3.223191953385166897e-02
1.981981981981981988e+01 3.290580584948076676e-02
1.984984984984984990e+01 3.354796858487273797e-02
1.987987987987987992e+01 3.415792723524847807e-02
1.990990990990990994e+01 3.473523150490066824e-02
1.993993993993993996e+01 3.527946161706983080e-02
1.996996996996996998e+01 3.579022859592841110e-02
2.000000000000000000e+01 3.626717452050498558e-02
2.003003003003003002e+01 3.670997275040666086e-02
2.006006006006006004e+01 3.711832812322170272e-02
2.009009009009009006e+01 3.749197712351033662e-02
2.012012012012012008e+01 3.783068802331678027e-02
2.015015015015015010e+01 3.813426099415999360e-02
2.018018018018018012e+01 3.840252819048686067e-02
2.021021021021021014e+01 3.863535380459537372e-02
2.024024024024024015e+01 3.883263409306133424e-02
2.027027027027027017e+01 3.899429737472639296e-02
2.030030030030030019e+01 3.912030400033016109e-02
2.033033033033033021e+01 3.921064629389382772e-02
2.036036036036036023e+01 3.926534846598711548e-02
2.039039039039039025e+01 3.928446649903455379e-02
2.042042042042042027e+01 3.926808800484150874e-02
2.045045045045045029e+01 3.921633205454368165e-02
2.048048048048048031e+01 3.912934898120796340e-02
2.051051051051051033e+01 3.900732015533567992e-02
2.054054054054054035e+01 3.885045773354195431e-02
2.057057057057057037e+01 3.865900438070848932e-02
2.060060060060060039e+01 3.843323296592873750e-02
2.063063063063063041e+01 3.817344623258693559e-02
2.066066066066066043e+01 3.787997644293414345e-02
2.069069069069069045e+01 3.755318499754593808e-02
2.072072072072072046e+01 3.719346203006702878e-02
2.075075075075075048e+01 3.680122597766905673e-02
2.078078078078078050e+01 3.637692312766780539e-02
2.081081081081081052e+01 3.592102714076560871e-02
2.084084084084084054e+01 3.543403855140432601e-02
2.087087087087087056e+01 3.491648424573270265e-02
2.090090090090090058e+01 3.436891691771033069e-02
2.093093093093093060e+01 3.379191450388830537e-02
2.096096096096096062e+01 3.318607959742386065e-02
2.099099099099099064e+01 3.255203884190273345e-02
2.102102102102102066e+01 3.189044230555965198e-02
2.105105105105105068e+01 3.120196283650270366e-02
2.108108108108108070e+01 3.048729539956228710e-02
2.111111111111111072e+01 2.974715639540000123e-02
2.114114114114114074e+01 2.898228296252668146e-02
2.117117117117117076e+01 2.819343226289197993e-02
2.120120120120120077e+01 2.738138075172052988e-02
2.123123123123123079e+01 2.654692343228192211e-02
2.126126126126126081e+01 2.569087309629291410e-02
2.129129129129129083e+01 2.481405955066118274e-02
2.132132132132132085e+01 2.391732883129004533e-02
2.135135135135135087e+01 2.300154240467286101e-02
2.138138138138138089e+01 2.206757635801495643e-02
2.141141141141141091e+01 2.111632057862856265e-02
2.144144144144144093e+01 2.014867792335419197e-02
2.147147147147147095e+01 1.916556337876829455e-02
2.150150150150150097e+01 1.816790321294328020e-02
2.153153153153153099e+01 1.715663411953138179e-02
2.156156156156156101e+01 1.613270235494853808e-02
2.159159159159159103e+01 1.509706286943840632e-02
2.162162162162162105e+01 1.405067843280014689e-02
2.165165165165165106e+01 1.299451875556601778e-02
2.168168168168168108e+01 1.192955960641690731e-02
2.171171171171171110e+01 1.085678192662512323e-02
2.174174174174174112e+01 9.777170942314335894e-03
2.177177177177177114e+01 8.691715275326321669e-03
2.180180180180180116e+01 7.601406053483483055e-03
2.183183183183183118e+01 6.507236021034432452e-03
2.186186186186186120e+01 5.410198650067817895e-03
2.189189189189189122e+01 4.311287253676623563e-03
2.192192192192192124e+01 3.211494101651618614e-03
2.195195195195195126e+01 2.111809539478376983e-03
2.198198198198198128e+01 1.013221111407378678e-03
2.201201201201201130e+01 -8.328731163888026005e-05
2.204204204204204132e+01 -1.176736398564075465e-03
2.207207207207207134e+01 -2.266152218250720024e-03
2.210210210210210136e+01 -3.350567092624033485e-03
2.213213213213213137e+01 -4.429020441891846557e-03
2.216216216216216139e+01 -5.500559621234240616e-03
2.219219219219219141e+01 -6.564240748225906412e-03
2.222222222222222143e+01 -7.619129520284304014e-03
2.225225225225225145e+01 -8.664302021447242014e-03
2.228228228228228147e+01 -9.698845517794707494e-03
2.231231231231231149e+01 -1.072185924084149283e-02
2.234234234234234151e+01 -1.173245515823952666e-02
2.237237237237237153e+01 -1.272975873114164796e-02
2.240240240240240155e+01 -1.371290965759196234e-02
2.243243243243243157e+01 -1.468106260132186897e-02
2.246246246246246159e+01 -1.563338790534525916e-02
2.249249249249249161e+01 -1.656907228976129201e-02
2.252252252252252163e+01 -1.748731953318865759e-02
2.255255255255255165e+01 -1.838735113727101370e-02
2.258258258258258167e+01 -1.926840697370963904e-02
2.261261261261261168e+01 -2.012974591329621046e-02
2.264264264264264170e+01 -2.097064643643565401e-02
2.267267267267267172e+01 -2.179040722466671007e-02
2.270270270270270174e+01 -2.258834773270585947e-02
2.273273273273273176e+01 -2.336380874055849280e-02
2.276276276276276178e+01 -2.411615288526009274e-02
2.279279279279279180e+01 -2.484476517182906616e-02
2.282282282282282182e+01 -2.554905346303241315e-02
2.285285285285285184e+01 -2.622844894758493903e-02
2.288288288288288186e+01 -2.688240658642276210e-02
2.291291291291291188e+01 -2.751040553671210351e-02
2.294294294294294190e+01 -2.811194955327474265e-02
2.297297297297297192e+01 -2.868656736713237621e-02
2.300300300300300194e+01 -2.923381304089275531e-02
2.303303303303303196e+01 -2.975326630072201023e-02
2.306306306306306197e+01 -3.024453284466835715e-02
2.309309309309309199e+01 -3.070724462712427424e-02
2.312312312312312201e+01 -3.114106011923547038e-02
2.315315315315315203e+01 -3.154566454508683782e-02
2.318318318318318205e+01 -3.192077009351733385e-02
2.321321321321321207e+01 -3.226611610543751035e-02
2.324324324324324209e+01 -3.258146923654550026e-02
2.327327327327327211e+01 -3.286662359535896805e-02
2.330330330330330213e+01 -3.312140085650289167e-02
2.333333333333333215e+01 -3.334565034921461307e-02
2.336336336336336217e+01 -3.353924912104976064e-02
2.339339339339339219e+01 -3.370210197679467112e-02
2.342342342342342221e+01 -3.383414149261254611e-02
2.345345345345345223e+01 -3.393532800547252593e-02
2.348348348348348225e+01 -3.400564957793257570e-02
2.351351351351351227e+01 -3.404512193836860268e-02
2.354354354354354228e+01 -3.405378839676350550e-02
2.357357357357357230e+01 -3.403171973619162349e-02
2.360360360360360232e+01 -3.397901408015456537e-02
2.363363363363363234e+01 -3.389579673594584480e-02
2.366366366366366236e+01 -3.378222001424211612e-02
2.369369369369369238e+01 -3.363846302513961301e-02
2.372372372372372240e+01 -3.346473145087438400e-02
2.375375375375375242e+01 -3.326125729548514570e-02
2.378378378378378244e+01 -3.302829861169713499e-02
2.381381381381381246e+01 -3.276613920532488872e-02
2.384384384384384248e+01 -3.247508831751111380e-02
2.387387387387387250e+01 -3.215548028513717099e-02
2.390390390390390252e+01 -3.180767417975984696e-02
2.393393393393393254e+01 -3.143205342544660302e-02
2.396396396396396256e+01 -3.102902539589949896e-02
2.399399399399399258e+01 -3.059902099127546210e-02
2.402402402402402259e+01 -3.014249419512709041e-02
2.405405405405405261e+01 -2.965992161190535506e-02
2.408408408408408263e+01 -2.915180198548107324e-02
2.411411411411411265e+01 -2.861865569915811661e-02
2.414414414414414267e+01 -2.806102425766628800e-02
2.417417417417417269e+01 -2.747946975163683553e-02
2.420420420420420271e+01 -2.687457430507744771e-02
2.423423423423423273e+01 -2.624693950637780118e-02
2.426426426426426275e+01 -2.559718582338973980e-02
2.429429429429429277e+01 -2.492595200313902845e-02
2.432432432432432279e+01 -2.423389445673791720e-02
2.435435435435435281e+01 -2.352168663007944346e-02
2.438438438438438283e+01 -2.279001836090554373e-02
2.441441441441441285e+01 -2.203959522285196815e-02
2.444444444444444287e+01 -2.127113785708249424e-02
2.447447447447447288e+01 -2.048538129213527820e-02
2.450450450450450290e+01 -1.968307425261226276e-02
2.453453453453453292e+01 -1.886497845735174775e-02
2.456456456456456294e+01 -1.803186790773134845e-02
2.459459459459459296e+01 -1.718452816675627298e-02
2.462462462462462298e+01 -1.632375562959417076e-02
2.465465465465465300e+01 -1.545035678622390038e-02
2.468468468468468302e+01 -1.456514747687107612e-02
2.471471471471471304e+01 -1.366895214090788763e-02
2.474474474474474306e+01 -1.276260305989899112e-02
2.477477477477477308e+01 -1.184693959547888226e-02
2.480480480480480310e+01 -1.092280742274903856e-02
2.483483483483483312e+01 -9.991057759885586115e-03
2.486486486486486314e+01 -9.052546594649912501e-03
2.489489489489489316e+01 -8.108133908495827186e-03
2.492492492492492318e+01 -7.158682898967367106e-03
2.495495495495495319e+01 -6.205059201081286786e-03
2.498498498498498321e+01 -5.248130108387500520e-03
2.501501501501501323e+01 -4.288763794399495961e-03
2.504504504504504325e+01 -3.327828535084776090e-03
2.507507507507507327e+01 -2.366191933102868104e-03
2.510510510510510329e+01 -1.404720144475310331e-03
2.513513513513513331e+01 -4.442771083683081713e-04
2.516516516516516333e+01 5.142762193355813072e-04
2.519519519519519335e+01 1.470082628005269908e-03
2.522522522522522337e+01 2.422289409102481271e-03
2.525525525525525339e+01 3.370049107236708624e-03
2.528528528528528341e+01 4.312520264780494647e-03
2.531531531531531343e+01 5.248868159398937909e-03
2.534534534534534345e+01 6.178265533855083896e-03
2.537537537537537347e+01 7.099893317461126313e-03
2.540540540540540349e+01 8.012941338554215032e-03
2.543543543543543350e+01 8.916609027384975183e-03
2.546546546546546352e+01 9.810106108816756681e-03
2.549549549549549354e+01 1.069265328424400321e-02
2.552552552552552356e+01 1.156348290214901514e-02
2.555555555555555358e+01 1.242183961672774749e-02
2.558558558558558360e+01 1.326698103402720354e-02
2.561561561561561362e+01 1.409817834504913277e-02
2.564564564564564719e+01 1.491471694528782692e-02
2.567567567567567721e+01 1.571589704018217654e-02
2.570570570570570723e+01 1.650103423597793634e-02
2.573573573573573725e+01 1.726946011550667404e-02
2.576576576576576727e+01 1.802052279840593574e-02
2.579579579579579729e+01 1.875358748531776726e-02
2.582582582582582731e+01 1.946803698561880638e-02
2.585585585585585733e+01 2.016327222825050128e-02
2.588588588588588735e+01 2.083871275523407895e-02
2.591591591591591737e+01 2.149379719747105191e-02
2.594594594594594739e+01 2.212798373244672170e-02
2.597597597597597741e+01 2.274075052347089912e-02
2.600600600600600742e+01 2.333159614010740790e-02
2.603603603603603744e+01 2.390003995946118551e-02
2.606606606606606746e+01 2.444562254800966561e-02
2.609609609609609748e+01 2.496790602368289397e-02
2.612612612612612750e+01 2.546647439791515158e-02
2.615615615615615752e+01 2.594093389740910124e-02
2.618618618618618754e+01 2.639091326537205615e-02
2.621621621621621756e+01 2.681606404200267621e-02
2.624624624624624758e+01 2.721606082402537249e-02
2.627627627627627760e+01 2.759060150308855625e-02
2.630630630630630762e+01 2.793940748286207962e-02
2.633633633633633764e+01 2.826222387468858843e-02
2.636636636636636766e+01 2.855881967166249563e-02
2.639639639639639768e+01 2.882898790103015363e-02
2.642642642642642770e+01 2.907254575482372608e-02
2.645645645645645772e+01 2.928933469866122630e-02
2.648648648648648773e+01 2.947922055866437213e-02
2.651651651651651775e+01 2.964209358646553022e-02
2.654654654654654777e+01 2.977786850229449667e-02
2.657657657657657779e+01 2.988648451615534551e-02
2.660660660660660781e+01 2.996790532712289776e-02
2.663663663663663783e+01 3.002211910080776133e-02
2.666666666666666785e+01 3.004913842505812713e-02
2.669669669669669787e+01 3.004900024398571290e-02
2.672672672672672789e+01 3.002176577042206529e-02
2.675675675675675791e+01 2.996752037693067514e-02
2.678678678678678793e+01 2.988637346551872853e-02
2.681681681681681795e+01 2.977845831621117947e-02
2.684684684684684797e+01 2.964393191466814861e-02
2.687687687687687799e+01 2.948297475904462783e-02
2.690690690690690801e+01 2.929579064630987231e-02
2.693693693693693803e+01 2.908260643826123329e-02
2.696696696696696804e+01 2.884367180748484069e-02
2.699699699699699806e+01 2.857925896353281925e-02
2.702702702702702808e+01 2.828966235960366990e-02
2.705705705705705810e+01 2.797519838002896983e-02
2.708708708708708812e+01 2.763620500888623252e-02
2.711711711711711814e+01 2.727304148007354476e-02
2.714714714714714816e+01 2.688608790919747027e-02
2.717717717717717818e+01 2.647574490764096483e-02
2.720720720720720820e+01 2.604243317919334444e-02
2.723723723723723822e+01 2.558659309963861109e-02
2.726726726726726824e+01 2.510868427971307132e-02
2.729729729729729826e+01 2.460918511185683846e-02
2.732732732732732828e+01 2.408859230119742012e-02
2.735735735735735830e+01 2.354742038121652309e-02
2.738738738738738832e+01 2.298620121456404139e-02
2.741741741741741833e+01 2.240548347949506205e-02
2.744744744744744835e+01 2.180583214241790802e-02
2.747747747747747837e+01 2.118782791705211069e-02
2.750750750750750839e+01 2.055206671070630708e-02
2.753753753753753841e+01 1.989915905819630154e-02
2.756756756756756843e+01 1.922972954393344786e-02
2.759759759759759845e+01 1.854441621272275714e-02
2.762762762762762847e+01 1.784386996981934814e-02
2.765765765765765849e+01 1.712875397079975659e-02
2.768768768768768851e+01 1.639974300181295044e-02
2.771771771771771853e+01 1.565752285078295808e-02
2.774774774774774855e+01 1.490278967014199360e-02
2.777777777777777857e+01 1.413624933167917375e-02
2.780780780780780859e+01 1.335861677409575995e-02
2.783783783783783861e+01 1.257061534386312053e-02
2.786786786786786863e+01 1.177297612998419798e-02
2.789789789789789864e+01 1.096643729326354441e-02
2.792792792792792866e+01 1.015174339069453355e-02
2.795795795795795868e+01 9.329644695575461597e-03
2.798798798798798870e+01 8.500896513968712181e-03
2.801801801801801872e+01 7.666258498119214726e-03
2.804804804804804874e+01 6.826493957449788173e-03
2.807807807807807876e+01 5.982369167751812843e-03
2.810810810810810878e+01 5.134652679190076542e-03
2.813813813813813880e+01 4.284114623740324472e-03
2.816816816816816882e+01 3.431526022677323408e-03
2.819819819819819884e+01 2.577658094729894100e-03
2.822822822822822886e+01 1.723281565517534395e-03
2.825825825825825888e+01 8.691659788808153578e-04
2.828828828828828890e+01 1.607901071481042019e-05
2.831831831831831892e+01 -8.352142140886666382e-04
2.834834834834834894e+01 -1.683951800988240733e-03
2.837837837837837895e+01 -2.529375760832346717e-03
2.840840840840840897e+01 -3.370732679998594741e-03
2.843843843843843899e+01 -4.207274385046528078e-03
2.846846846846846901e+01 -5.038258601303215005e-03
2.849849849849849903e+01 -5.862949604807740460e-03
2.852852852852852905e+01 -6.680618867047669052e-03
2.855855855855855907e+01 -7.490545691928194791e-03
2.858858858858858909e+01 -8.292017844422669426e-03
2.861861861861861911e+01 -9.084332170361732184e-03
2.864864864864864913e+01 -9.866795206827308137e-03
2.867867867867867915e+01 -1.063872378262700757e-02
2.870870870870870917e+01 -1.139944560833459387e-02
2.873873873873873919e+01 -1.214829985539226179e-02
2.876876876876876921e+01 -1.288463772378131353e-02
2.879879879879879923e+01 -1.360782299777906108e-02
2.882882882882882924e+01 -1.431723258933113516e-02
2.885885885885885926e+01 -1.501225706858062836e-02
2.888888888888888928e+01 -1.569230118110748889e-02
2.891891891891891930e+01 -1.635678435144467466e-02
2.894894894894894932e+01 -1.700514117245033666e-02
2.897897897897897934e+01 -1.763682188012889035e-02
2.900900900900900936e+01 -1.825129281350754140e-02
2.903903903903903938e+01 -1.884803685918889568e-02
2.906906906906906940e+01 -1.942655388021468504e-02
2.909909909909909942e+01 -1.998636112889033700e-02
2.912912912912912944e+01 -2.052699364323500725e-02
2.915915915915915946e+01 -2.104800462673699427e-02
2.918918918918918948e+01 -2.154896581110994289e-02
2.921921921921921950e+01 -2.202946780176084918e-02
2.924924924924924952e+01 -2.248912040569703980e-02
2.927927927927927954e+01 -2.292755294161518895e-02
2.930930930930930955e+01 -2.334441453193206173e-02
2.933933933933933957e+01 -2.373937437653297552e-02
2.936936936936936959e+01 -2.411212200803083266e-02
2.939939939939939961e+01 -2.446236752834536274e-02
2.942942942942942963e+01 -2.478984182642918893e-02
2.945945945945945965e+01 -2.509429677698450656e-02
2.948948948948948967e+01 -2.537550542003125936e-02
2.951951951951951969e+01 -2.563326212120518519e-02
2.954954954954954971e+01 -2.586738271268126596e-02
2.957957957957957973e+01 -2.607770461463569320e-02
2.960960960960960975e+01 -2.626408693717701900e-02
2.963963963963963977e+01 -2.642641056269429481e-02
2.966966966966966979e+01 -2.656457820858812782e-02
2.969969969969969981e+01 -2.667851447036740167e-02
2.972972972972972983e+01 -2.676816584511261879e-02
2.975975975975975985e+01 -2.683350073532356911e-02
2.978978978978978986e+01 -2.687450943318710206e-02
2.981981981981981988e+01 -2.689120408531760556e-02
2.984984984984984990e+01 -2.688361863804043100e-02
2.987987987987987992e+01 -2.685180876330542019e-02
2.990990990990990994e+01 -2.679585176533494026e-02
2.993993993993993996e+01 -2.671584646812754510e-02
2.996996996996996998e+01 -2.661191308395554830e-02
3.000000000000000000e+01 -2.648419306301093637e-02
