x y
0.000000000000000000e+00 nan
3.003003003003002977e-02 3.333032742113501423e-01
6.006006006006005954e-02 3.332131084622585449e-01
9.009009009009008584e-02 3.330628709308208202e-01
1.201201201201201191e-01 3.328526196722422226e-01
1.501501501501501523e-01 3.325824359230913352e-01
1.801801801801801717e-01 3.322524240606080648e-01
2.102102102102102188e-01 3.318627115504279024e-01
2.402402402402402382e-01 3.314134488827462643e-01
2.702702702702702853e-01 3.309048094969671561e-01
3.003003003003003046e-01 3.303369896948735174e-01
3.303303303303303240e-01 3.297102085423728735e-01
3.603603603603603434e-01 3.290247077598709713e-01
3.903903903903903627e-01 3.282807516013390159e-01
4.204204204204204376e-01 3.274786267221439506e-01
4.504504504504504570e-01 3.266186420357155562e-01
4.804804804804804763e-01 3.257011285591338012e-01
5.105105105105105512e-01 3.247264392477245964e-01
5.405405405405405705e-01 3.236949488187599311e-01
5.705705705705705899e-01 3.226070535643603132e-01
6.006006006006006093e-01 3.214631711537103143e-01
6.306306306306306286e-01 3.202637404246974628e-01
6.606606606606606480e-01 3.190092211650950027e-01
6.906906906906906674e-01 3.177000938834151356e-01
7.207207207207206867e-01 3.163368595695595364e-01
7.507507507507507061e-01 3.149200394454087504e-01
7.807807807807807254e-01 3.134501747054903031e-01
8.108108108108108558e-01 3.119278262478729635e-01
8.408408408408408752e-01 3.103535743954440873e-01
8.708708708708708945e-01 3.087280186077246968e-01
9.009009009009009139e-01 3.070517771833914944e-01
9.309309309309309333e-01 3.053254869536696781e-01
9.609609609609609526e-01 3.035498029667774711e-01
9.909909909909909720e-01 3.017253981635969473e-01
1.021021021021021102e+00 2.998529630447588912e-01
1.051051051051051122e+00 2.979332053293295424e-01
1.081081081081081141e+00 2.959668496052937914e-01
1.111111111111111160e+00 2.939546369720329455e-01
1.141141141141141180e+00 2.918973246750017903e-01
1.171171171171171199e+00 2.897956857328086167e-01
1.201201201201201219e+00 2.876505085569145415e-01
1.231231231231231238e+00 2.854625965641628405e-01
1.261261261261261257e+00 2.832327677823611722e-01
1.291291291291291277e+00 2.809618544491380709e-01
1.321321321321321296e+00 2.786507026043007484e-01
1.351351351351351315e+00 2.763001716759251880e-01
1.381381381381381335e+00 2.739111340604113431e-01
1.411411411411411354e+00 2.714844746967401412e-01
1.441441441441441373e+00 2.690210906351735431e-01
1.471471471471471393e+00 2.665218906006383559e-01
1.501501501501501412e+00 2.639877945510413770e-01
1.531531531531531432e+00 2.614197332307620081e-01
1.561561561561561451e+00 2.588186477195753010e-01
1.591591591591591470e+00 2.561854889772556820e-01
1.621621621621621712e+00 2.535212173841185357e-01
1.651651651651651731e+00 2.508268022777557782e-01
1.681681681681681750e+00 2.481032214862235463e-01
1.711711711711711770e+00 2.453514608579449030e-01
1.741741741741741789e+00 2.425725137885862137e-01
1.771771771771771808e+00 2.397673807451740358e-01
1.801801801801801828e+00 2.369370687877140891e-01
1.831831831831831847e+00 2.340825910885804273e-01
1.861861861861861867e+00 2.312049664499396806e-01
1.891891891891891886e+00 2.283052188194777954e-01
1.921921921921921905e+00 2.253843768046980556e-01
1.951951951951951925e+00 2.224434731860570891e-01
1.981981981981981944e+00 2.194835444292082272e-01
2.012012012012012185e+00 2.165056301966197805e-01
2.042042042042042205e+00 2.135107728588378773e-01
2.072072072072072224e+00 2.105000170056599285e-01
2.102102102102102243e+00 2.074744089574882544e-01
2.132132132132132263e+00 2.044349962771294660e-01
2.162162162162162282e+00 2.013828272823066645e-01
2.192192192192192302e+00 1.983189505591496649e-01
2.222222222222222321e+00 1.952444144769269752e-01
2.252252252252252340e+00 1.921602667042834889e-01
2.282282282282282360e+00 1.890675537272445139e-01
2.312312312312312379e+00 1.859673203692475685e-01
2.342342342342342398e+00 1.828606093134585442e-01
2.372372372372372418e+00 1.797484606276309460e-01
2.402402402402402437e+00 1.766319112917609790e-01
2.432432432432432456e+00 1.735119947287916131e-01
2.462462462462462476e+00 1.703897403386160914e-01
2.492492492492492495e+00 1.672661730356279353e-01
2.522522522522522515e+00 1.641423127900624723e-01
2.552552552552552534e+00 1.610191741733730253e-01
2.582582582582582553e+00 1.578977659078800722e-01
2.612612612612612573e+00 1.547790904209306317e-01
2.642642642642642592e+00 1.516641434038009384e-01
2.672672672672672611e+00 1.485539133755717223e-01
2.702702702702702631e+00 1.454493812522039131e-01
2.732732732732732650e+00 1.423515199210362847e-01
2.762762762762762669e+00 1.392612938209253914e-01
2.792792792792792689e+00 1.361796585282427086e-01
2.822822822822822708e+00 1.331075603489407233e-01
2.852852852852852727e+00 1.300459359168952000e-01
2.882882882882882747e+00 1.269957117987273454e-01
2.912912912912912766e+00 1.239578041053042562e-01
2.942942942942942786e+00 1.209331181101128277e-01
2.972972972972972805e+00 1.179225478746967204e-01
3.003003003003002824e+00 1.149269758813422360e-01
3.033033033033032844e+00 1.119472726731935291e-01
3.063063063063062863e+00 1.089842965019732213e-01
3.093093093093092882e+00 1.060388929834793353e-01
3.123123123123122902e+00 1.031118947610247943e-01
3.153153153153152921e+00 1.002041211769797435e-01
3.183183183183182940e+00 9.731637795257321033e-02
3.213213213213213404e+00 9.444945687610373231e-02
3.243243243243243423e+00 9.160413549970485014e-02
3.273273273273273443e+00 8.878117684480402172e-02
3.303303303303303462e+00 8.598132911641041820e-02
3.333333333333333481e+00 8.320532542635900031e-02
3.363363363363363501e+00 8.045388352563455359e-02
3.393393393393393520e+00 7.772770554589270020e-02
3.423423423423423539e+00 7.502747775028931199e-02
3.453453453453453559e+00 7.235387029372414291e-02
3.483483483483483578e+00 6.970753699259849001e-02
3.513513513513513598e+00 6.708911510418083535e-02
3.543543543543543617e+00 6.449922511566832939e-02
3.573573573573573636e+00 6.193847054302641791e-02
3.603603603603603656e+00 5.940743773968227420e-02
3.633633633633633675e+00 5.690669571514223035e-02
3.663663663663663694e+00 5.443679596359687900e-02
3.693693693693693714e+00 5.199827230257191707e-02
3.723723723723723733e+00 4.959164072167603771e-02
3.753753753753753752e+00 4.721739924149160467e-02
3.783783783783783772e+00 4.487602778264741799e-02
3.813813813813813791e+00 4.256798804510694006e-02
3.843843843843843811e+00 4.029372339769883571e-02
3.873873873873873830e+00 3.805365877791087870e-02
3.903903903903903849e+00 3.584820060196208108e-02
3.933933933933933869e+00 3.367773668516145513e-02
3.963963963963963888e+00 3.154263617255619045e-02
3.993993993993993907e+00 2.944324947986540555e-02
4.024024024024024371e+00 2.737990824468989129e-02
4.054054054054054390e+00 2.535292528798227529e-02
4.084084084084084409e+00 2.336259458575518436e-02
4.114114114114114429e+00 2.140919125100046103e-02
4.144144144144144448e+00 1.949297152578498282e-02
4.174174174174174468e+00 1.761417278348363993e-02
4.204204204204204487e+00 1.577301354110384815e-02
4.234234234234234506e+00 1.396969348165009138e-02
4.264264264264264526e+00 1.220439348647129815e-02
4.294294294294294545e+00 1.047727567752803311e-02
4.324324324324324564e+00 8.788483469510846580e-03
4.354354354354354584e+00 7.138141631735460575e-03
4.384384384384384603e+00 5.526356359734981016e-03
4.414414414414414622e+00 3.953215356463729568e-03
4.444444444444444642e+00 2.418787923021957845e-03
4.474474474474474661e+00 9.231250588053151185e-04
4.504504504504504681e+00 -5.337404290223213537e-04
4.534534534534534700e+00 -1.951793806839238060e-03
4.564564564564564719e+00 -3.331038286771200677e-03
4.594594594594594739e+00 -4.671494889908370945e-03
4.624624624624624758e+00 -5.973202300655519950e-03
4.654654654654654777e+00 -7.236216712341959033e-03
4.684684684684684797e+00 -8.460611664222478928e-03
4.714714714714714816e+00 -9.646477870005098001e-03
4.744744744744744835e+00 -1.079392303804611528e-02
4.774774774774774855e+00 -1.190307168335726952e-02
4.804804804804804874e+00 -1.297406493157421056e-02
4.834834834834834894e+00 -1.400706031503974776e-02
4.864864864864864913e+00 -1.500223156115935465e-02
4.894894894894894932e+00 -1.595976837319054015e-02
4.924924924924924952e+00 -1.687987620363146438e-02
4.954954954954954971e+00 -1.776277602037805783e-02
4.984984984984984990e+00 -1.860870406582246922e-02
5.015015015015015010e+00 -1.941791160906922512e-02
5.045045045045045029e+00 -2.019066469144895765e-02
5.075075075075075048e+00 -2.092724386551273255e-02
5.105105105105105068e+00 -2.162794392769316551e-02
5.135135135135135087e+00 -2.229307364482173773e-02
5.165165165165165106e+00 -2.292295547469432385e-02
5.195195195195195126e+00 -2.351792528087991510e-02
5.225225225225225145e+00 -2.407833204197011925e-02
5.255255255255255165e+00 -2.460453755546946480e-02
5.285285285285285184e+00 -2.509691613652887884e-02
5.315315315315315203e+00 -2.555585431172714347e-02
5.345345345345345223e+00 -2.598175050810682882e-02
5.375375375375375242e+00 -2.637501473767366045e-02
5.405405405405405261e+00 -2.673606827756951423e-02
5.435435435435435281e+00 -2.706534334613151793e-02
5.465465465465465300e+00 -2.736328277505069989e-02
5.495495495495495319e+00 -2.763033967784543979e-02
5.525525525525525339e+00 -2.786697711486596160e-02
5.555555555555555358e+00 -2.807366775504740661e-02
5.585585585585585378e+00 -2.825089353462974587e-02
5.615615615615615397e+00 -2.839914531306400244e-02
5.645645645645645416e+00 -2.851892252632439936e-02
5.675675675675675436e+00 -2.861073283784716648e-02
5.705705705705705455e+00 -2.867509178731663874e-02
5.735735735735735474e+00 -2.871252243751990993e-02
5.765765765765765494e+00 -2.872355501949110448e-02
5.795795795795795513e+00 -2.870872657616662521e-02
5.825825825825825532e+00 -2.866858060477223830e-02
5.855855855855855552e+00 -2.860366669816279128e-02
5.885885885885885571e+00 -2.851454018533486345e-02
5.915915915915915591e+00 -2.840176177133189872e-02
5.945945945945945610e+00 -2.826589717676092350e-02
5.975975975975975629e+00 -2.810751677713883151e-02
6.006006006006005649e+00 -2.792719524228542624e-02
6.036036036036035668e+00 -2.772551117597912840e-02
6.066066066066065687e+00 -2.750304675609006877e-02
6.096096096096095707e+00 -2.726038737540390292e-02
6.126126126126125726e+00 -2.699812128334815042e-02
6.156156156156155745e+00 -2.671683922883113377e-02
6.186186186186185765e+00 -2.641713410440193338e-02
6.216216216216215784e+00 -2.609960059193779797e-02
6.246246246246245803e+00 -2.576483481006339865e-02
6.276276276276275823e+00 -2.541343396350419573e-02
6.306306306306305842e+00 -2.504599599457398712e-02
6.336336336336335862e+00 -2.466311923699413683e-02
6.366366366366365881e+00 -2.426540207223961201e-02
6.396396396396395900e+00 -2.385344258860439687e-02
6.426426426426426808e+00 -2.342783824317581573e-02
6.456456456456456827e+00 -2.298918552690493861e-02
6.486486486486486847e+00 -2.253807963295671388e-02
6.516516516516516866e+00 -2.207511412852098884e-02
6.546546546546546885e+00 -2.160088063026195659e-02
6.576576576576576905e+00 -2.111596848358064313e-02
6.606606606606606924e+00 -2.062096444586141233e-02
6.636636636636636943e+00 -2.011645237387027843e-02
6.666666666666666963e+00 -1.960301291546907507e-02
6.696696696696696982e+00 -1.908122320580599510e-02
6.726726726726727001e+00 -1.855165656813926797e-02
6.756756756756757021e+00 -1.801488221944692186e-02
6.786786786786787040e+00 -1.747146498097172998e-02
6.816816816816817060e+00 -1.692196499384644726e-02
6.846846846846847079e+00 -1.636693743994040856e-02
6.876876876876877098e+00 -1.580693226806443794e-02
6.906906906906907118e+00 -1.524249392566690876e-02
6.936936936936937137e+00 -1.467416109614941115e-02
6.966966966966967156e+00 -1.410246644192631252e-02
6.996996996996997176e+00 -1.352793635334803395e-02
7.027027027027027195e+00 -1.295109070360347774e-02
7.057057057057057214e+00 -1.237244260971258336e-02
7.087087087087087234e+00 -1.179249819971536252e-02
7.117117117117117253e+00 -1.121175638615932481e-02
7.147147147147147273e+00 -1.063070864598243508e-02
7.177177177177177292e+00 -1.004983880688423668e-02
7.207207207207207311e+00 -9.469622840272902062e-03
7.237237237237237331e+00 -8.890528660871392305e-03
7.267267267267267350e+00 -8.313015933061065899e-03
7.297297297297297369e+00 -7.737535884036250700e-03
7.327327327327327389e+00 -7.164531123838578305e-03
7.357357357357357408e+00 -6.594435472334934240e-03
7.387387387387387427e+00 -6.027673793198105173e-03
7.417417417417417447e+00 -5.464661834944282114e-03
7.447447447447447466e+00 -4.905806079076693513e-03
7.477477477477477485e+00 -4.351503595379844005e-03
7.507507507507507505e+00 -3.802141904403783402e-03
7.537537537537537524e+00 -3.258098847173100405e-03
7.567567567567567544e+00 -2.719742462150338651e-03
7.597597597597597563e+00 -2.187430869478677181e-03
7.627627627627627582e+00 -1.661512162523867816e-03
7.657657657657657602e+00 -1.142324306730509815e-03
7.687687687687687621e+00 -6.301950458029293269e-04
7.717717717717717640e+00 -1.254418152160966210e-04
7.747747747747747660e+00 3.716283369428191184e-04
7.777777777777777679e+00 8.607188218064049448e-04
7.807807807807807698e+00 1.341543574241400904e-03
7.837837837837837718e+00 1.813827110059179496e-03
7.867867867867867737e+00 2.277304575940646263e-03
7.897897897897897757e+00 2.731721792098542462e-03
7.927927927927927776e+00 3.176835287704765642e-03
7.957957957957957795e+00 3.612412329114856203e-03
7.987987987987987815e+00 4.038230940926369229e-03
8.018018018018018722e+00 4.454079919912290117e-03
8.048048048048048742e+00 4.859758841875028504e-03
8.078078078078078761e+00 5.255078061471127500e-03
8.108108108108108780e+00 5.639858705060720942e-03
8.138138138138138800e+00 6.013932656640423938e-03
8.168168168168168819e+00 6.377142536922343966e-03
8.198198198198198838e+00 6.729341675626001121e-03
8.228228228228228858e+00 7.070394077054107697e-03
8.258258258258258877e+00 7.400174379027038736e-03
8.288288288288288896e+00 7.718567805254834130e-03
8.318318318318318916e+00 8.025470111229329392e-03
8.348348348348348935e+00 8.320787523722847703e-03
8.378378378378378954e+00 8.604436673983495779e-03
8.408408408408408974e+00 8.876344524720780269e-03
8.438438438438438993e+00 9.136448290978749914e-03
8.468468468468469013e+00 9.384695354997271352e-03
8.498498498498499032e+00 9.621043175165454320e-03
8.528528528528529051e+00 9.845459189174449524e-03
8.558558558558559071e+00 1.005792071148004126e-02
8.588588588588589090e+00 1.025841482518850996e-02
8.618618618618619109e+00 1.044693826848223581e-02
8.648648648648649129e+00 1.062349731570436800e-02
8.678678678678679148e+00 1.078810765322471901e-02
8.708708708708709167e+00 1.094079425021171267e-02
8.738738738738739187e+00 1.108159122443773403e-02
8.768768768768769206e+00 1.121054170324786020e-02
8.798798798798799226e+00 1.132769767982417901e-02
8.828828828828829245e+00 1.143311986488026663e-02
8.858858858858859264e+00 1.152687753392262447e-02
8.888888888888889284e+00 1.160904837021773696e-02
8.918918918918919303e+00 1.167971830360565143e-02
8.948948948948949322e+00 1.173898134530260325e-02
8.978978978978979342e+00 1.178693941883709323e-02
9.009009009009009361e+00 1.182370218726538393e-02
9.039039039039039380e+00 1.184938687681396687e-02
9.069069069069069400e+00 1.186411809709793201e-02
9.099099099099099419e+00 1.186802765806547512e-02
9.129129129129129439e+00 1.186125438382001039e-02
9.159159159159159458e+00 1.184394392347239491e-02
9.189189189189189477e+00 1.181624855917680177e-02
9.219219219219219497e+00 1.177832701150454721e-02
9.249249249249249516e+00 1.173034424231104468e-02
9.279279279279279535e+00 1.167247125525162216e-02
9.309309309309309555e+00 1.160488489410247369e-02
9.339339339339339574e+00 1.152776763904341840e-02
9.369369369369369593e+00 1.144130740105956529e-02
9.399399399399399613e+00 1.134569731461895596e-02
9.429429429429429632e+00 1.124113552878358395e-02
9.459459459459459651e+00 1.112782499691096667e-02
9.489489489489489671e+00 1.100597326510346745e-02
9.519519519519519690e+00 1.087579225956219510e-02
9.549549549549549710e+00 1.073749807300207297e-02
9.579579579579579729e+00 1.059131075028411917e-02
9.609609609609609748e+00 1.043745407342048549e-02
9.639639639639639768e+00 1.027615534610711381e-02
9.669669669669669787e+00 1.010764517793807243e-02
9.699699699699699806e+00 9.932157268454817889e-03
9.729729729729729826e+00 9.749928191182605924e-03
9.759759759759759845e+00 9.561197177805220646e-03
9.789789789789789864e+00 9.366205902628011240e-03
9.819819819819819884e+00 9.165198267477966260e-03
9.849849849849849903e+00 8.958420187188188485e-03
9.879879879879879923e+00 8.746119375812617253e-03
9.909909909909909942e+00 8.528545133715398352e-03
9.939939939939939961e+00 8.305948135677546085e-03
9.969969969969969981e+00 8.078580220161843753e-03
1.000000000000000000e+01 7.846694179875154246e-03
1.003003003003003002e+01 7.610543553765308777e-03
1.006006006006006004e+01 7.370382420587787663e-03
1.009009009009009006e+01 7.126465194175378264e-03
1.012012012012012008e+01 6.879046420541723612e-03
1.015015015015015010e+01 6.628380576947535442e-03
1.018018018018018012e+01 6.374721873055880922e-03
1.021021021021021014e+01 6.118324054300554142e-03
1.024024024024024015e+01 5.859440207589117385e-03
1.027027027027027017e+01 5.598322569459614206e-03
1.030030030030030019e+01 5.335222336807395049e-03
1.033033033033033021e+01 5.070389480295794254e-03
1.036036036036036023e+01 4.804072560561681651e-03
1.039039039039039025e+01 4.536518547324108579e-03
1.042042042042042027e+01 4.267972641501416309e-03
1.045045045045045029e+01 3.998678100439265713e-03
1.048048048048048031e+01 3.728876066349058084e-03
1.051051051051051033e+01 3.458805398053248041e-03
1.054054054054054035e+01 3.188702506130916114e-03
1.057057057057057037e+01 2.918801191553904630e-03
1.060060060060060039e+01 2.649332487900639497e-03
1.063063063063063041e+01 2.380524507231550346e-03
1.066066066066066043e+01 2.112602289706778415e-03
1.069069069069069045e+01 1.845787657023563585e-03
1.072072072072072046e+01 1.580299069747396080e-03
1.075075075075075048e+01 1.316351488607677431e-03
1.078078078078078050e+01 1.054156239825242885e-03
1.081081081081081052e+01 7.939208845357140307e-04
1.084084084084084054e+01 5.358490923692057345e-04
1.087087087087087056e+01 2.801405192434820442e-04
1.090090090090090058e+01 2.699068942416659735e-05
1.093093093093093060e+01 -2.234091180978534791e-04
1.096096096096096062e+01 -4.708719788651988432e-04
1.099099099099099064e+01 -7.152154278058168698e-04
1.102102102102102066e+01 -9.562615596382444084e-04
1.105105105105105068e+01 -1.193837124794227796e-03
1.108108108108108070e+01 -1.427773620826146153e-03
1.111111111111111072e+01 -1.657907379270208252e-03
1.114114114114114074e+01 -1.884079647939925113e-03
1.117117117117117076e+01 -2.106136668627872459e-03
1.120120120120120077e+01 -2.323929750197289892e-03
1.123123123123123079e+01 -2.537315337048547115e-03
1.126126126126126081e+01 -2.746155072949028886e-03
1.129129129129129083e+01 -2.950315860218437509e-03
1.132132132132132085e+01 -3.149669914265015164e-03
1.135135135135135087e+01 -3.344094813471598822e-03
1.138138138138138089e+01 -3.533473544433850082e-03
1.141141141141141091e+01 -3.717694542556428290e-03
1.144144144144144093e+01 -3.896651728016206455e-03
1.147147147147147095e+01 -4.070244537105007811e-03
1.150150150150150097e+01 -4.238377948967630808e-03
1.153153153153153099e+01 -4.400962507754233206e-03
1.156156156156156101e+01 -4.557914340209363001e-03
1.159159159159159103e+01 -4.709155168723168708e-03
1.162162162162162105e+01 -4.854612319873442307e-03
1.165165165165165106e+01 -4.994218728490319205e-03
1.168168168168168108e+01 -5.127912937278521384e-03
1.171171171171171110e+01 -5.255639092035064783e-03
1.174174174174174112e+01 -5.377346932503330491e-03
1.177177177177177114e+01 -5.492991778907396067e-03
1.180180180180180116e+01 -5.602534514213314450e-03
1.183183183183183118e+01 -5.705941562166969190e-03
1.186186186186186120e+01 -5.803184861160808755e-03
1.189189189189189122e+01 -5.894241833984595509e-03
1.192192192192192124e+01 -5.979095353517865398e-03
1.195195195195195126e+01 -6.057733704424476257e-03
1.198198198198198128e+01 -6.130150540912110251e-03
1.201201201201201130e+01 -6.196344840622127793e-03
1.204204204204204132e+01 -6.256320854717530369e-03
1.207207207207207134e+01 -6.310088054239177541e-03
1.210210210210210136e+01 -6.357661072802662031e-03
1.213213213213213137e+01 -6.399059645710488027e-03
1.216216216216216139e+01 -6.434308545556283870e-03
1.219219219219219141e+01 -6.463437514399929598e-03
1.222222222222222143e+01 -6.486481192594394964e-03
1.225225225225225145e+01 -6.503479044347081073e-03
1.228228228228228147e+01 -6.514475280100262035e-03
1.231231231231231149e+01 -6.519518775817012383e-03
1.234234234234234151e+01 -6.518662989260728610e-03
1.237237237237237153e+01 -6.511965873357923075e-03
1.240240240240240155e+01 -6.499489786735572310e-03
1.243243243243243157e+01 -6.481301401525732878e-03
1.246246246246246159e+01 -6.457471608531509255e-03
1.249249249249249161e+01 -6.428075419849844235e-03
1.252252252252252163e+01 -6.393191869047698712e-03
1.255255255255255165e+01 -6.352903908989475726e-03
1.258258258258258167e+01 -6.307298307414515963e-03
1.261261261261261168e+01 -6.256465540364488515e-03
1.264264264264264170e+01 -6.200499683561450440e-03
1.267267267267267172e+01 -6.139498301838109372e-03
1.270270270270270174e+01 -6.073562336722597085e-03
1.273273273273273176e+01 -6.002795992280735883e-03
1.276276276276276178e+01 -5.927306619319279261e-03
1.279279279279279180e+01 -5.847204598054203326e-03
1.282282282282282360e+01 -5.762603219348451551e-03
1.285285285285285362e+01 -5.673618564623932742e-03
1.288288288288288364e+01 -5.580369384552712544e-03
1.291291291291291365e+01 -5.482976976632686697e-03
1.294294294294294367e+01 -5.381565061752903618e-03
1.297297297297297369e+01 -5.276259659853870486e-03
1.300300300300300371e+01 -5.167188964788001736e-03
1.303303303303303373e+01 -5.054483218485274383e-03
1.306306306306306375e+01 -4.938274584528897816e-03
1.309309309309309377e+01 -4.818697021245476123e-03
1.312312312312312379e+01 -4.695886154413820950e-03
1.315315315315315381e+01 -4.569979149695996973e-03
1.318318318318318383e+01 -4.441114584893763109e-03
1.321321321321321385e+01 -4.309432322132864847e-03
1.324324324324324387e+01 -4.175073380076979937e-03
1.327327327327327389e+01 -4.038179806272365960e-03
1.330330330330330391e+01 -3.898894549723395681e-03
1.333333333333333393e+01 -3.757361333798274472e-03
1.336336336336336394e+01 -3.613724529563258712e-03
1.339339339339339396e+01 -3.468129029642646327e-03
1.342342342342342398e+01 -3.320720122700686078e-03
1.345345345345345400e+01 -3.171643368640394717e-03
1.348348348348348402e+01 -3.021044474613002184e-03
1.351351351351351404e+01 -2.869069171930450045e-03
1.354354354354354406e+01 -2.715863093972004007e-03
1.357357357357357408e+01 -2.561571655174577251e-03
1.360360360360360410e+01 -2.406339931194921046e-03
1.363363363363363412e+01 -2.250312540330225413e-03
1.366366366366366414e+01 -2.093633526282136486e-03
1.369369369369369416e+01 -1.936446242347467268e-03
1.372372372372372418e+01 -1.778893237117213809e-03
1.375375375375375420e+01 -1.621116141763702693e-03
1.378378378378378422e+01 -1.463255558993869967e-03
1.381381381381381424e+01 -1.305450953744832126e-03
1.384384384384384425e+01 -1.147840545695965426e-03
1.387387387387387427e+01 -9.905612036697813896e-04
1.390390390390390429e+01 -8.337483419918738804e-04
1.393393393393393431e+01 -6.775358188781631374e-04
1.396396396396396433e+01 -5.220558369155991075e-04
1.399399399399399435e+01 -3.674388457003562492e-04
1.402402402402402437e+01 -2.138134466953943587e-04
1.405405405405405439e+01 -6.130630036708297078e-05
1.408408408408408441e+01 8.995796434164820817e-05
1.411411411411411443e+01 2.398568381464100932e-04
1.414414414414414445e+01 3.882700171117710601e-04
1.417417417417417447e+01 5.350794858463566806e-04
1.420420420420420449e+01 6.801695981543318375e-04
1.423423423423423451e+01 8.234271550973165568e-04
1.426426426426426453e+01 9.647414804231624862e-04
1.429429429429429455e+01 1.104004493320408621e-03
1.432432432432432456e+01 1.241110778459641496e-03
1.435435435435435458e+01 1.375957653285415049e-03
1.438438438438438460e+01 1.508445232524815559e-03
1.441441441441441462e+01 1.638476489881212023e-03
1.444444444444444464e+01 1.765957316884172188e-03
1.447447447447447466e+01 1.890796578869020569e-03
1.450450450450450468e+01 2.012906168061939002e-03
1.453453453453453470e+01 2.132201053749021528e-03
1.456456456456456472e+01 2.248599329510140958e-03
1.459459459459459474e+01 2.362022257500974182e-03
1.462462462462462476e+01 2.472394309768981020e-03
1.465465465465465478e+01 2.579643206591620934e-03
1.468468468468468480e+01 2.683699951827529448e-03
1.471471471471471482e+01 2.784498865273827249e-03
1.474474474474474484e+01 2.881977612025189619e-03
1.477477477477477485e+01 2.976077228832705972e-03
1.480480480480480487e+01 3.066742147462994412e-03
1.483483483483483489e+01 3.153920215060414083e-03
1.486486486486486491e+01 3.237562711517618080e-03
1.489489489489489493e+01 3.317624363862022030e-03
1.492492492492492495e+01 3.394063357668133506e-03
1.495495495495495497e+01 3.466841345507974247e-03
1.498498498498498499e+01 3.535923452454149511e-03
1.501501501501501501e+01 3.601278278652346281e-03
1.504504504504504503e+01 3.662877898982319722e-03
1.507507507507507505e+01 3.720697859828613931e-03
1.510510510510510507e+01 3.774717172984433551e-03
1.513513513513513509e+01 3.824918306714262129e-03
1.516516516516516511e+01 3.871287174002881280e-03
1.519519519519519513e+01 3.913813118020589323e-03
1.522522522522522515e+01 3.952488894836385207e-03
1.525525525525525516e+01 3.987310653412951336e-03
1.528528528528528518e+01 4.018277912919169734e-03
1.531531531531531520e+01 4.045393537397889636e-03
1.534534534534534522e+01 4.068663707828485201e-03
1.537537537537537524e+01 4.088097891625626368e-03
1.540540540540540526e+01 4.103708809617428836e-03
1.543543543543543528e+01 4.115512400547957639e-03
1.546546546546546530e+01 4.123527783150691961e-03
1.549549549549549532e+01 4.127777215841249396e-03
1.552552552552552534e+01 4.128286054079269816e-03
1.555555555555555536e+01 4.125082705450896885e-03
1.558558558558558538e+01 4.118198582524791422e-03
1.561561561561561540e+01 4.107668053536094911e-03
1.564564564564564542e+01 4.093528390954123165e-03
1.567567567567567544e+01 4.075819717990927619e-03
1.570570570570570545e+01 4.054584953109161005e-03
1.573573573573573547e+01 4.029869752588895009e-03
1.576576576576576549e+01 4.001722451214270032e-03
1.579579579579579551e+01 3.970194001141888474e-03
1.582582582582582553e+01 3.935337909014050353e-03
1.585585585585585555e+01 3.897210171380825674e-03
1.588588588588588557e+01 3.855869208495992222e-03
1.591591591591591559e+01 3.811375796552727083e-03
1.594594594594594561e+01 3.763792998425770624e-03
1.597597597597597563e+01 3.713186092987583609e-03
1.600600600600600742e+01 3.659622503066716284e-03
1.603603603603603744e+01 3.603171722117288339e-03
1.606606606606606746e+01 3.543905239669028085e-03
1.609609609609609748e+01 3.481896465627950642e-03
1.612612612612612750e+01 3.417220653498137441e-03
1.615615615615615752e+01 3.349954822595567656e-03
1.618618618618618754e+01 3.280177679325280930e-03
1.621621621621621756e+01 3.207969537593462553e-03
1.624624624624624758e+01 3.133412238426290779e-03
1.627627627627627760e+01 3.056589068867554201e-03
1.630630630630630762e+01 2.977584680227181573e-03
1.633633633633633764e+01 2.896485005752885439e-03
1.636636636636636766e+01 2.813377177797133071e-03
1.639639639639639768e+01 2.728349444551601399e-03
1.642642642642642770e+01 2.641491086421159876e-03
1.645645645645645772e+01 2.552892332109258679e-03
1.648648648648648773e+01 2.462644274486390158e-03
1.651651651651651775e+01 2.370838786312970577e-03
1.654654654654654777e+01 2.277568435887710688e-03
1.657657657657657779e+01 2.182926402692083202e-03
1.660660660660660781e+01 2.087006393101105677e-03
1.663663663663663783e+01 1.989902556230120981e-03
1.666666666666666785e+01 1.891709399986711386e-03
1.669669669669669787e+01 1.792521707396278969e-03
1.672672672672672789e+01 1.692434453269160092e-03
1.675675675675675791e+01 1.591542721276426433e-03
1.678678678678678793e+01 1.489941621500776026e-03
1.681681681681681795e+01 1.387726208528095116e-03
1.684684684684684797e+01 1.284991400144418769e-03
1.687687687687687799e+01 1.181831896702109207e-03
1.690690690690690801e+01 1.078342101218120186e-03
1.693693693693693803e+01 9.746160402662142801e-04
1.696696696696696804e+01 8.707472857239623425e-04
1.699699699699699806e+01 7.668288774342590366e-04
1.702702702702702808e+01 6.629532468399743301e-04
1.705705705705705810e+01 5.592121416491751488e-04
1.708708708708708812e+01 4.556965515871585527e-04
1.711711711711711814e+01 3.524966352902772471e-04
1.714714714714714816e+01 2.497016483952603483e-04
1.717717717717717818e+01 1.473998728764109244e-04
1.720720720720720820e+01 4.567854768170201104e-05
1.723723723723723822e+01 -5.537619928259354636e-05
1.726726726726726824e+01 -1.556794177705272497e-04
1.729729729729729826e+01 -2.551474003715935735e-04
1.732732732732732828e+01 -3.536977461970660362e-04
1.735735735735735830e+01 -4.512494230337860362e-04
1.738738738738738832e+01 -5.477228279231736476e-04
1.741741741741741833e+01 -6.430398461247969436e-04
1.744744744744744835e+01 -7.371239084254222439e-04
1.747747747747747837e+01 -8.299000467560760678e-04
1.750750750750750839e+01 -9.212949480812814701e-04
1.753753753753753841e+01 -1.011237006526284838e-03
1.756756756756756843e+01 -1.099656373709755703e-03
1.759759759759759845e+01 -1.186485007251125408e-03
1.762762762762762847e+01 -1.271656717423444351e-03
1.765765765765765849e+01 -1.355107211924333260e-03
1.768768768768768851e+01 -1.436774138739352509e-03
1.771771771771771853e+01 -1.516597127073838168e-03
1.774774774774774855e+01 -1.594517826331008116e-03
1.777777777777777857e+01 -1.670479943115898199e-03
1.780780780780780859e+01 -1.744429276246448491e-03
1.783783783783783861e+01 -1.816313749754834561e-03
1.786786786786786863e+01 -1.886083443863900049e-03
1.789789789789789864e+01 -1.953690623925333388e-03
1.792792792792792866e+01 -2.019089767307998343e-03
1.795795795795795868e+01 -2.082237588226605249e-03
1.798798798798798870e+01 -2.143093060502677082e-03
1.801801801801801872e+01 -2.201617438251548663e-03
1.804804804804804874e+01 -2.257774274490874627e-03
1.807807807807807876e+01 -2.311529437667908960e-03
1.810810810810810878e+01 -2.362851126104539585e-03
1.813813813813813880e+01 -2.411709880360829103e-03
1.816816816816816882e+01 -2.458078593519514611e-03
1.819819819819819884e+01 -2.501932519395664179e-03
1.822822822822822886e+01 -2.543249278677372875e-03
1.825825825825825888e+01 -2.582008863005075174e-03
1.828828828828828890e+01 -2.618193636998733705e-03
1.831831831831831892e+01 -2.651788338243808371e-03
1.834834834834834894e+01 -2.682780075248557879e-03
1.837837837837837895e+01 -2.711158323386839847e-03
1.840840840840840897e+01 -2.736914918842173368e-03
1.843843843843843899e+01 -2.760044050570403893e-03
1.846846846846846901e+01 -2.780542250299875007e-03
1.849849849849849903e+01 -2.798408380589506583e-03
1.852852852852852905e+01 -2.813643620966725743e-03
1.855855855855855907e+01 -2.826251452168642049e-03
1.858858858858858909e+01 -2.836237638511309930e-03
1.861861861861861911e+01 -2.843610208413361110e-03
1.864864864864864913e+01 -2.848379433101646836e-03
1.867867867867867915e+01 -2.850557803527928747e-03
1.870870870870870917e+01 -2.850160005526941771e-03
1.873873873873873919e+01 -2.847202893247492966e-03
1.876876876876876921e+01 -2.841705460889470611e-03
1.879879879879879923e+01 -2.833688812780922866e-03
1.882882882882882924e+01 -2.823176131830501100e-03
1.885885885885885926e+01 -2.810192646391760415e-03
1.888888888888888928e+01 -2.794765595576911409e-03
1.891891891891891930e+01 -2.776924193058697560e-03
1.894894894894894932e+01 -2.756699589400127270e-03
1.897897897897897934e+01 -2.734124832952782806e-03
1.900900900900900936e+01 -2.709234829365404079e-03
1.903903903903903938e+01 -2.682066299745368160e-03
1.906906906906906940e+01 -2.652657737516557913e-03
1.909909909909909942e+01 -2.621049364017990525e-03
1.912912912912912944e+01 -2.587283082888329130e-03
1.915915915915915946e+01 -2.551402433282217753e-03
1.918918918918918948e+01 -2.513452541965053785e-03
1.921921921921921950e+01 -2.473480074333503885e-03
1.924924924924924952e+01 -2.431533184409711938e-03
1.927927927927927954e+01 -2.387661463857720587e-03
1.930930930930930955e+01 -2.341915890071180357e-03
1.933933933933933957e+01 -2.294348773381922179e-03
1.936936936936936959e+01 -2.245013703439426630e-03
1.939939939939939961e+01 -2.193965494811637388e-03
1.942942942942942963e+01 -2.141260131857931990e-03
1.945945945945945965e+01 -2.086954712925389536e-03
1.948948948948948967e+01 -2.031107393919781220e-03
1.951951951951951969e+01 -1.973777331302938552e-03
1.954954954954954971e+01 -1.915024624568339301e-03
1.957957957957957973e+01 -1.854910258246922957e-03
1.960960960960960975e+01 -1.793496043495220555e-03
1.963963963963963977e+01 -1.730844559317962651e-03
1.966966966966966979e+01 -1.667019093477339854e-03
1.969969969969969981e+01 -1.602083583141060636e-03
1.972972972972972983e+01 -1.536102555321274552e-03
1.975975975975975985e+01 -1.469141067156327137e-03
1.978978978978978986e+01 -1.401264646087140540e-03
1.981981981981981988e+01 -1.332539229979823586e-03
1.984984984984984990e+01 -1.263031107245869700e-03
1.987987987987987992e+01 -1.192806857011015353e-03
1.990990990990990994e+01 -1.121933289383508347e-03
1.993993993993993996e+01 -1.050477385872173371e-03
1.996996996996996998e+01 -9.785062400042489773e-04
2.000000000000000000e+01 -9.060869981925264230e-04
2.003003003003003002e+01 -8.332868009008442649e-04
2.006006006006006004e+01 -7.601727241564564105e-04
2.009009009009009006e+01 -6.868117214572424254e-04
2.012012012012012008e+01 -6.132705661211196703e-04
2.015015015015015010e+01 -5.396157941243936475e-04
2.018018018018018012e+01 -4.659136474751015113e-04
2.021021021021021014e+01 -3.922300181667061803e-04
2.024024024024024015e+01 -3.186303927567553178e-04
2.027027027027027017e+01 -2.451797976143455481e-04
2.030030030030030019e+01 -1.719427448794283355e-04
2.033033033033033021e+01 -9.898317917615409502e-05
2.036036036036036023e+01 -2.636442512158512815e-05
2.039039039039039025e+01 4.585086432979487323e-05
2.042042042042042027e+01 1.176007586662715008e-04
2.045045045045045029e+01 1.888240996852454980e-04
2.048048048048048031e+01 2.594605504081722589e-04
2.051051051051051033e+01 3.294506430075432187e-04
2.054054054054054035e+01 3.987358257103930143e-04
2.057057057057057037e+01 4.672585086438768185e-04
2.060060060060060039e+01 5.349621085895444120e-04
2.063063063063063041e+01 6.017910926140435622e-04
2.066066066066066043e+01 6.676910205451157265e-04
2.069069069069069045e+01 7.326085862628866968e-04
2.072072072072072046e+01 7.964916577776304067e-04
2.075075075075075048e+01 8.592893160663642215e-04
2.078078078078078050e+01 9.209518926418340783e-04
2.081081081081081052e+01 9.814310058286715866e-04
2.084084084084084054e+01 1.040679595722732945e-03
2.087087087087087056e+01 1.098651957810879622e-03
2.090090090090090058e+01 1.155303775229715160e-03
2.093093093093093060e+01 1.210592149643072374e-03
2.096096096096096062e+01 1.264475630719315031e-03
2.099099099099099064e+01 1.316914244190820751e-03
2.102102102102102066e+01 1.367869518479298413e-03
2.105105105105105068e+01 1.417304509871914527e-03
2.108108108108108070e+01 1.465183826234496512e-03
2.111111111111111072e+01 1.511473649249416755e-03
2.114114114114114074e+01 1.556141755167066718e-03
2.117117117117117076e+01 1.599157534061162620e-03
2.120120120120120077e+01 1.640492007579443705e-03
2.123123123123123079e+01 1.680117845182654618e-03
2.126126126126126081e+01 1.718009378866018145e-03
2.129129129129129083e+01 1.754142616358740072e-03
2.132132132132132085e+01 1.788495252798393302e-03
2.135135135135135087e+01 1.821046680878355209e-03
2.138138138138138089e+01 1.851777999467773498e-03
2.141141141141141091e+01 1.880672020704848976e-03
2.144144144144144093e+01 1.907713275565509113e-03
2.147147147147147095e+01 1.932888017910842308e-03
2.150150150150150097e+01 1.956184227017944074e-03
2.153153153153153099e+01 1.977591608600085590e-03
2.156156156156156101e+01 1.997101594323377229e-03
2.159159159159159103e+01 2.014707339828348751e-03
2.162162162162162105e+01 2.030403721266092927e-03
2.165165165165165106e+01 2.044187330359832199e-03
2.168168168168168108e+01 2.056056468003988110e-03
2.171171171171171110e+01 2.066011136413995093e-03
2.174174174174174112e+01 2.074053029841283705e-03
2.177177177177177114e+01 2.080185523869002885e-03
2.180180180180180116e+01 2.084413663305188357e-03
2.183183183183183118e+01 2.086744148691182816e-03
2.186186186186186120e+01 2.087185321444218547e-03
2.189189189189189122e+01 2.085747147654132185e-03
2.192192192192192124e+01 2.082441200555235159e-03
2.195195195195195126e+01 2.077280641695384254e-03
2.198198198198198128e+01 2.070280200825290289e-03
2.201201201201201130e+01 2.061456154532099062e-03
2.204204204204204132e+01 2.050826303642200744e-03
2.207207207207207134e+01 2.038409949419173195e-03
2.210210210210210136e+01 2.024227868583651155e-03
2.213213213213213137e+01 2.008302287182778430e-03
2.216216216216216139e+01 1.990656853337764969e-03
2.219219219219219141e+01 1.971316608898854815e-03
2.222222222222222143e+01 1.950307960037827529e-03
2.225225225225225145e+01 1.927658646808886028e-03
2.228228228228228147e+01 1.903397711709530751e-03
2.231231231231231149e+01 1.877555467273701222e-03
2.234234234234234151e+01 1.850163462730140818e-03
2.237237237237237153e+01 1.821254449759570314e-03
2.240240240240240155e+01 1.790862347384855309e-03
2.243243243243243157e+01 1.759022206028935508e-03
2.246246246246246159e+01 1.725770170775799053e-03
2.249249249249249161e+01 1.691143443870319826e-03
2.252252252252252163e+01 1.655180246493220819e-03
2.255255255255255165e+01 1.617919779847879847e-03
2.258258258258258167e+01 1.579402185596105040e-03
2.261261261261261168e+01 1.539668505680361413e-03
2.264264264264264170e+01 1.498760641570291057e-03
2.267267267267267172e+01 1.456721312971652514e-03
2.270270270270270174e+01 1.413594016036095200e-03
2.273273273273273176e+01 1.369422981110407457e-03
2.276276276276276178e+01 1.324253130064087167e-03
2.279279279279279180e+01 1.278130033234251223e-03
2.282282282282282182e+01 1.231099866027033978e-03
2.285285285285285184e+01 1.183209365214725603e-03
2.288288288288288186e+01 1.134505784967969810e-03
2.291291291291291188e+01 1.085036852662373593e-03
2.294294294294294190e+01 1.034850724498877260e-03
2.297297297297297192e+01 9.839959409772029361e-04
2.300300300300300194e+01 9.325213822616337626e-04
2.303303303303303196e+01 8.804762234782696805e-04
2.306306306306306197e+01 8.279098899827745878e-04
2.309309309309309199e+01 7.748720126374687798e-04
2.312312312312312201e+01 7.214123831364151153e-04
2.315315315315315203e+01 6.675809094169182648e-04
2.318318318318318205e+01 6.134275711955982464e-04
2.321321321321321207e+01 5.590023756669043348e-04
2.324324324324324209e+01 5.043553134016065921e-04
2.327327327327327211e+01 4.495363144824551056e-04
2.330330330330330213e+01 3.945952049138071399e-04
2.333333333333333215e+01 3.395816633416083000e-04
2.336336336336336217e+01 2.845451781196730169e-04
2.339339339339339219e+01 2.295350047577353607e-04
2.342342342342342221e+01 1.746001237862406593e-04
2.345345345345345223e+01 1.197891990723232429e-04
2.348348348348348225e+01 6.515053662085836981e-05
2.351351351351351227e+01 1.073204389389746168e-05
2.354354354354354228e+01 -4.341881031881200605e-05
2.357357357357357230e+01 -9.725503544615201170e-05
2.360360360360360232e+01 -1.507301580673904638e-04
2.363363363363363234e+01 -2.037982601986352508e-04
2.366366366366366236e+01 -2.564140169039542038e-04
2.369369369369369238e+01 -3.085327332018557626e-04
2.372372372372372240e+01 -3.601103802385719312e-04
2.375375375375375242e+01 -4.111036307003513310e-04
2.378378378378378244e+01 -4.614698934377620826e-04
2.381381381381381246e+01 -5.111673472758074830e-04
2.384384384384384248e+01 -5.601549739844866949e-04
2.387387387387387250e+01 -6.083925903852750901e-04
2.390390390390390252e+01 -6.558408795698615883e-04
2.393393393393393254e+01 -7.024614212083546893e-04
2.396396396396396256e+01 -7.482167209250658538e-04
2.399399399399399258e+01 -7.930702387208833333e-04
2.402402402402402259e+01 -8.369864164221702506e-04
2.405405405405405261e+01 -8.799307041370573769e-04
2.408408408408408263e+01 -9.218695857009468007e-04
2.411411411411411265e+01 -9.627706030939952621e-04
2.414414414414414267e+01 -1.002602379814321928e-03
2.417417417417417269e+01 -1.041334643191654764e-03
2.420420420420420271e+01 -1.078938245627120629e-03
2.423423423423423273e+01 -1.115385184745873969e-03
2.426426426426426275e+01 -1.150648622450263199e-03
2.429429429429429277e+01 -1.184702902862234128e-03
2.432432432432432279e+01 -1.217523569144691314e-03
2.435435435435435281e+01 -1.249087379192539852e-03
2.438438438438438283e+01 -1.279372320185161128e-03
2.441441441441441285e+01 -1.308357621993093325e-03
2.444444444444444287e+01 -1.336023769432704818e-03
2.447447447447447288e+01 -1.362352513363681910e-03
2.450450450450450290e+01 -1.387326880625166028e-03
2.453453453453453292e+01 -1.410931182807405749e-03
2.456456456456456294e+01 -1.433151023856802514e-03
2.459459459459459296e+01 -1.453973306513250876e-03
2.462462462462462298e+01 -1.473386237579685449e-03
2.465465465465465300e+01 -1.491379332024755705e-03
2.468468468468468302e+01 -1.507943415920557631e-03
2.471471471471471304e+01 -1.523070628218340912e-03
2.474474474474474306e+01 -1.536754421366109090e-03
2.477477477477477308e+01 -1.548989560773008506e-03
2.480480480480480310e+01 -1.559772123126377001e-03
2.483483483483483312e+01 -1.569099493568287167e-03
2.486486486486486314e+01 -1.576970361739374587e-03
2.489489489489489316e+01 -1.583384716698687990e-03
2.492492492492492318e+01 -1.588343840729217020e-03
2.495495495495495319e+01 -1.591850302039696545e-03
2.498498498498498321e+01 -1.593907946374162722e-03
2.501501501501501323e+01 -1.594521887541657575e-03
2.504504504504504325e+01 -1.593698496879330595e-03
2.507507507507507327e+01 -1.591445391663068223e-03
2.510510510510510329e+01 -1.587771422480616004e-03
2.513513513513513331e+01 -1.582686659582989604e-03
2.516516516516516333e+01 -1.576202378230791160e-03
2.519519519519519335e+01 -1.568331043052828512e-03
2.522522522522522337e+01 -1.559086291435222852e-03
2.525525525525525339e+01 -1.548482915959940821e-03
2.528528528528528341e+01 -1.536536845912422162e-03
2.531531531531531343e+01 -1.523265127878701544e-03
2.534534534534534345e+01 -1.508685905453102530e-03
2.537537537537537347e+01 -1.492818398078274910e-03
2.540540540540540349e+01 -1.475682879039983677e-03
2.543543543543543350e+01 -1.457300652639702829e-03
2.546546546546546352e+01 -1.437694030568665215e-03
2.549549549549549354e+01 -1.416886307507607282e-03
2.552552552552552356e+01 -1.394901735977017868e-03
2.555555555555555358e+01 -1.371765500463223647e-03
2.558558558558558360e+01 -1.347503690846172698e-03
2.561561561561561362e+01 -1.322143275155252765e-03
2.564564564564564719e+01 -1.295712071679958055e-03
2.567567567567567721e+01 -1.268238720462662493e-03
2.570570570570570723e+01 -1.239752654201122959e-03
2.573573573573573725e+01 -1.210284068588814588e-03
2.576576576576576727e+01 -1.179863892121475830e-03
2.579579579579579729e+01 -1.148523755398623246e-03
2.582582582582582731e+01 -1.116295959949092226e-03
2.585585585585585733e+01 -1.083213446609952333e-03
2.588588588588588735e+01 -1.049309763488391438e-03
2.591591591591591737e+01 -1.014619033536402846e-03
2.594594594594594739e+01 -9.791759217683099984e-04
2.597597597597597741e+01 -9.430156021513386210e-04
2.600600600600600742e+01 -9.061737241996010300e-04
2.603603603603603744e+01 -8.686863793019762451e-04
2.606606606606606746e+01 -8.305900668144684286e-04
2.609609609609609748e+01 -7.919216599476964352e-04
2.612612612612612750e+01 -7.527183714802074743e-04
2.615615615615615752e+01 -7.130177193283276232e-04
2.618618618618618754e+01 -6.728574920032506530e-04
2.621621621621621756e+01 -6.322757139860268362e-04
2.624624624624624758e+01 -5.913106110510563812e-04
2.627627627627627760e+01 -5.500005755685971566e-04
2.630630630630630762e+01 -5.083841318166855677e-04
2.633633633633633764e+01 -4.664999013327244333e-04
2.636636636636636766e+01 -4.243865683348310323e-04
2.639639639639639768e+01 -3.820828452428397552e-04
2.642642642642642770e+01 -3.396274383286443290e-04
2.645645645645645772e+01 -2.970590135253165713e-04
2.648648648648648773e+01 -2.544161624241786379e-04
2.651651651651651775e+01 -2.117373684887108808e-04
2.654654654654654777e+01 -1.690609735138686506e-04
2.657657657657657779e+01 -1.264251443590390421e-04
2.660660660660660781e+01 -8.386783998251419708e-05
2.663663663663663783e+01 -4.142677880497135887e-05
2.666666666666666785e+01 8.605935709536735866e-07
2.669669669669669787e+01 4.295713625833823290e-05
2.672672672672672789e+01 8.482604457467724597e-05
2.675675675675675791e+01 1.264308810958757515e-04
2.678678678678678793e+01 1.677356062502733368e-04
2.681681681681681795e+01 2.087046084279528622e-04
2.684684684684684797e+01 2.493027335811140053e-04
2.687687687687687799e+01 2.894953142918370954e-04
2.690690690690690801e+01 3.292481982841298678e-04
2.693693693693693803e+01 3.685277763577283800e-04
2.696696696696696804e+01 4.073010097217268912e-04
2.699699699699699806e+01 4.455354567067222409e-04
2.702702702702702808e+01 4.831992988347956334e-04
2.705705705705705810e+01 5.202613662272951786e-04
2.708708708708708812e+01 5.566911623310502946e-04
2.711711711711711814e+01 5.924588879443181419e-04
2.714714714714714816e+01 6.275354645244590746e-04
2.717717717717717818e+01 6.618925567600287847e-04
2.720720720720720820e+01 6.955025943907011243e-04
2.723723723723723822e+01 7.283387932591492636e-04
2.726726726726726824e+01 7.603751755797560127e-04
2.729729729729729826e+01 7.915865894097661587e-04
2.732732732732732828e+01 8.219487273092499066e-04
2.735735735735735830e+01 8.514381441770128194e-04
2.738738738738738832e+01 8.800322742503518050e-04
2.741741741741741833e+01 9.077094472573468600e-04
2.744744744744744835e+01 9.344489037111547870e-04
2.747747747747747837e+01 9.602308093365663662e-04
2.750750750750750839e+01 9.850362686198849138e-04
2.753753753753753841e+01 1.008847337473987122e-03
2.756756756756756843e+01 1.031647035011225809e-03
2.759759759759759845e+01 1.053419354417651143e-03
2.762762762762762847e+01 1.074149272922830757e-03
2.765765765765765849e+01 1.093822760860361848e-03
2.768768768768768851e+01 1.112426789814983941e-03
2.771771771771771853e+01 1.129949339853013454e-03
2.774774774774774855e+01 1.146379405833628526e-03
2.777777777777777857e+01 1.161707002799355036e-03
2.780780780780780859e+01 1.175923170444901624e-03
2.783783783783783861e+01 1.189019976664308165e-03
2.786786786786786863e+01 1.200990520177171172e-03
2.789789789789789864e+01 1.211828932235508704e-03
2.792792792792792866e+01 1.221530377413628963e-03
2.795795795795795868e+01 1.230091053484146796e-03
2.798798798798798870e+01 1.237508190384084160e-03
2.801801801801801872e+01 1.243780048275764348e-03
2.804804804804804874e+01 1.248905914707982992e-03
2.807807807807807876e+01 1.252886100883695208e-03
2.810810810810810878e+01 1.255721937041216762e-03
2.813813813813813880e+01 1.257415766956686103e-03
2.816816816816816882e+01 1.257970941576251394e-03
2.819819819819819884e+01 1.257391811787197857e-03
2.822822822822822886e+01 1.255683720337919147e-03
2.825825825825825888e+01 1.252852992917352117e-03
2.828828828828828890e+01 1.248906928405185994e-03
2.831831831831831892e+01 1.243853788304822953e-03
2.834834834834834894e+01 1.237702785371746182e-03
2.837837837837837895e+01 1.230464071450586673e-03
2.840840840840840897e+01 1.222148724534833763e-03
2.843843843843843899e+01 1.212768735063738529e-03
2.846846846846846901e+01 1.202336991471580647e-03
2.849849849849849903e+01 1.190867265005051290e-03
2.852852852852852905e+01 1.178374193825085367e-03
2.855855855855855907e+01 1.164873266410029317e-03
2.858858858858858909e+01 1.150380804277578673e-03
2.861861861861861911e+01 1.134913944043439106e-03
2.864864864864864913e+01 1.118490618835174923e-03
2.867867867867867915e+01 1.101129539080194716e-03
2.870870870870870917e+01 1.082850172687293720e-03
2.873873873873873919e+01 1.063672724641631954e-03
2.876876876876876921e+01 1.043618116033443333e-03
2.879879879879879923e+01 1.022707962541204597e-03
2.882882882882882924e+01 1.000964552390366108e-03
2.885885885885885926e+01 9.784108238091368797e-04
2.888888888888888928e+01 9.550703420031571604e-04
2.891891891891891930e+01 9.309672756712330122e-04
2.894894894894894932e+01 9.061263730846138122e-04
2.897897897897897934e+01 8.805729377525911127e-04
2.900900900900900936e+01 8.543328036974605442e-04
2.903903903903903938e+01 8.274323103621451792e-04
2.906906906906906940e+01 7.998982771740021248e-04
2.909909909909909942e+01 7.717579777885431435e-04
2.912912912912912944e+01 7.430391140369845254e-04
2.915915915915915946e+01 7.137697896017043903e-04
2.918918918918918948e+01 6.839784834438334847e-04
2.921921921921921950e+01 6.536940230073147147e-04
2.924924924924924952e+01 6.229455572238801761e-04
2.927927927927927954e+01 5.917625293434577560e-04
2.930930930930930955e+01 5.601746496145851946e-04
2.933933933933933957e+01 5.282118678394392020e-04
2.936936936936936959e+01 4.959043458280980657e-04
2.939939939939939961e+01 4.632824297766524992e-04
2.942942942942942963e+01 4.303766225937430000e-04
2.945945945945945965e+01 3.972175562000546025e-04
2.948948948948948967e+01 3.638359638252253213e-04
2.951951951951951969e+01 3.302626523265303612e-04
2.954954954954954971e+01 2.965284745535904385e-04
2.957957957957957973e+01 2.626643017832164359e-04
2.960960960960960975e+01 2.287009962483464351e-04
2.963963963963963977e+01 1.946693837848563144e-04
2.966966966966966979e+01 1.606002266198269086e-04
2.969969969969969981e+01 1.265241963246358393e-04
2.972972972972972983e+01 9.247184695600760892e-05
2.975975975975975985e+01 5.847358840789767653e-05
2.978978978978978986e+01 2.455965999681590685e-05
2.981981981981981988e+01 -9.239895697100191499e-06
2.984984984984984990e+01 -4.289525871126131197e-05
2.987987987987987992e+01 -7.637685728237968966e-05
2.990990990990990994e+01 -1.096553931074743403e-04
2.993993993993993996e+01 -1.427018662631662760e-04
2.996996996996996998e+01 -1.754875997626824391e-04
3.000000000000000000e+01 -2.079842637303845967e-04
