x y
0.000000000000000000e+00 0.000000000000000000e+00
3.003003003003002977e-02 7.358304382672276644e-08
6.006006006006005954e-02 1.176716559139382795e-06
9.009009009009008584e-02 5.951965726247948897e-06
1.201201201201201191e-01 1.878833184948729888e-05
1.501501501501501523e-01 4.579840863154314442e-05
1.801801801801801717e-01 9.478653522396043114e-05
2.102102102102102188e-01 1.752080796895967389e-04
2.402402402402402382e-01 2.981200237961223790e-04
2.702702702702702853e-01 4.761230566739877768e-04
3.003003003003003046e-01 7.232954206740581891e-04
3.303303303303303240e-01 1.055118787609003262e-03
3.603603603603603434e-01 1.488396477321675578e-03
3.903903903903903627e-01 2.041164363060554102e-03
4.204204204204204376e-01 2.732594839328792748e-03
4.504504504504504570e-01 3.582894257586659997e-03
4.804804804804804763e-01 4.613194263309858441e-03
5.105105105105105512e-01 5.845437494327268557e-03
5.405405405405405705e-01 7.302258124976116968e-03
5.705705705705705899e-01 9.006857763322552793e-03
6.006006006006006093e-01 1.098287722941086210e-02
6.306306306306306286e-01 1.325426476114102692e-02
6.606606606606606480e-01 1.584514121085839680e-02
6.906906906906906674e-01 1.877966281000221019e-02
7.207207207207206867e-01 2.208188209114425940e-02
7.507507507507507061e-01 2.577560756640532788e-02
7.807807807807807254e-01 2.988426276852336819e-02
8.108108108108108558e-01 3.443074526573186578e-02
8.408408408408408752e-01 3.943728626406922677e-02
8.708708708708708945e-01 4.492531141076174656e-02
9.009009009009009139e-01 5.091530340990562536e-02
9.309309309309309333e-01 5.742666705681735706e-02
9.609609609609609526e-01 6.447759729014633512e-02
9.909909909909909720e-01 7.208495085116707612e-02
1.021021021021021102e+00 8.026412212762831788e-02
1.051051051051051122e+00 8.902892374517377971e-02
1.081081081081081141e+00 9.839147245271276376e-02
1.111111111111111160e+00 1.083620808292708459e-01
1.141141141141141180e+00 1.189491553188626177e-01
1.171171171171171199e+00 1.301591010768624601e-01
1.201201201201201219e+00 1.419962340863180905e-01
1.231231231231231238e+00 1.544627009757082448e-01
1.261261261261261257e+00 1.675584069409343513e-01
1.291291291291291277e+00 1.812809521439212035e-01
1.321321321321321296e+00 1.956255769282305434e-01
1.351351351351351315e+00 2.105851161586590470e-01
1.381381381381381335e+00 2.261499629570414560e-01
1.411411411411411354e+00 2.423080420705271409e-01
1.441441441441441373e+00 2.590447930715910618e-01
1.471471471471471393e+00 2.763431635511060525e-01
1.501501501501501412e+00 2.941836124270978403e-01
1.531531531531531432e+00 3.125441234524639622e-01
1.561561561561561451e+00 3.314002289651177824e-01
1.591591591591591470e+00 3.507250438838639961e-01
1.621621621621621712e+00 3.704893099129885070e-01
1.651651651651651731e+00 3.906614498781876277e-01
1.681681681681681750e+00 4.112076320762449999e-01
1.711711711711711770e+00 4.320918444809204173e-01
1.741741741741741789e+00 4.532759786080248765e-01
1.771771771771771808e+00 4.747199228037370378e-01
1.801801801801801828e+00 4.963816646820547462e-01
1.831831831831831847e+00 5.182174023999935875e-01
1.861861861861861867e+00 5.401816644228928377e-01
1.891891891891891886e+00 5.622274373971146710e-01
1.921921921921921905e+00 5.843063017136669313e-01
1.951951951951951925e+00 6.063685743139465290e-01
1.981981981981981944e+00 6.283634582580547301e-01
2.012012012012012185e+00 6.502391985470846736e-01
2.042042042042042205e+00 6.719432436635129902e-01
2.072072072072072224e+00 6.934224122685104241e-01
2.102102102102102243e+00 7.146230644716509151e-01
2.132132132132132263e+00 7.354912770673128763e-01
2.162162162162162282e+00 7.559730221130479544e-01
2.192192192192192302e+00 7.760143482084721489e-01
2.222222222222222321e+00 7.955615638188677785e-01
2.252252252252252340e+00 8.145614219757040253e-01
2.282282282282282360e+00 8.329613056768000456e-01
2.312312312312312379e+00 8.507094133018611171e-01
2.342342342342342398e+00 8.677549433546606350e-01
2.372372372372372418e+00 8.840482778412883658e-01
2.402402402402402437e+00 8.995411635945607109e-01
2.432432432432432456e+00 9.141868908580116360e-01
2.462462462462462476e+00 9.279404684487608801e-01
2.492492492492492495e+00 9.407587948270088596e-01
2.522522522522522515e+00 9.526008244109259726e-01
2.552552552552552534e+00 9.634277284892346360e-01
2.582582582582582553e+00 9.732030500997872480e-01
2.612612612612612573e+00 9.818928522608675324e-01
2.642642642642642592e+00 9.894658589627695067e-01
2.672672672672672611e+00 9.958935883502677555e-01
2.702702702702702631e+00 1.001150477551940199e+00
2.732732732732732650e+00 1.005213998639727491e+00
2.762762762762762669e+00 1.008064765231616811e+00
2.792792792792792689e+00 1.009686629281742576e+00
2.822822822822822708e+00 1.010066767635456220e+00
2.852852852852852727e+00 1.009195757961855788e+00
2.882882882882882747e+00 1.007067643712830529e+00
2.912912912912912766e+00 1.003679987795637496e+00
2.942942942942942786e+00 9.990339146853844943e-01
2.972972972972972805e+00 9.931341407442441094e-01
3.003003003003002824e+00 9.859889925557983048e-01
3.033033033033032844e+00 9.776104131252939533e-01
3.063063063063062863e+00 9.680139558397478083e-01
3.093093093093092882e+00 9.572187661255688873e-01
3.123123123123122902e+00 9.452475507854947168e-01
3.153153153153152921e+00 9.321265350410226080e-01
3.183183183183182940e+00 9.178854073510330780e-01
3.213213213213213404e+00 9.025572521216755906e-01
3.243243243243243423e+00 8.861784704668227430e-01
3.273273273273273443e+00 8.687886892221301505e-01
3.303303303303303462e+00 8.504306584590298757e-01
3.333333333333333481e+00 8.311501377874436214e-01
3.363363363363363501e+00 8.109957717776828945e-01
3.393393393393393520e+00 7.900189548725919941e-01
3.423423423423423539e+00 7.682736862004124756e-01
3.453453453453453559e+00 7.458164147369635844e-01
3.483483483483483578e+00 7.227058753023386517e-01
3.513513513513513598e+00 6.990029159123400948e-01
3.543543543543543617e+00 6.747703170381394999e-01
3.573573573573573636e+00 6.500726033590590314e-01
3.603603603603603656e+00 6.249758486227600107e-01
3.633633633633633675e+00 5.995474742544468771e-01
3.663663663663663694e+00 5.738560423817739009e-01
3.693693693693693714e+00 5.479710439649442266e-01
3.723723723723723733e+00 5.219626827418615278e-01
3.753753753753753752e+00 4.959016557161211036e-01
3.783783783783783772e+00 4.698589309309760265e-01
3.813813813813813791e+00 4.439055232851611965e-01
3.843843843843843811e+00 4.181122691565329896e-01
3.873873873873873830e+00 3.925496006068430188e-01
3.903903903903903849e+00 3.672873199455801152e-01
3.933933933933933869e+00 3.423943754326532751e-01
3.963963963963963888e+00 3.179386388987453516e-01
3.993993993993993907e+00 2.939866860584230968e-01
4.024024024024024371e+00 2.706035802845717653e-01
4.054054054054054390e+00 2.478526606034209268e-01
4.084084084084084409e+00 2.257953346573820241e-01
4.114114114114114429e+00 2.044908773681828884e-01
4.144144144144144448e+00 1.839962360153489518e-01
4.174174174174174468e+00 1.643658424250719896e-01
4.204204204204204487e+00 1.456514329419304754e-01
4.234234234234234506e+00 1.279018768308952947e-01
4.264264264264264526e+00 1.111630137296236581e-01
4.294294294294294545e+00 9.547750074133624920e-02
4.324324324324324564e+00 8.088466972665500632e-02
4.354354354354354584e+00 6.742039531878996073e-02
4.384384384384384603e+00 5.511697415050192950e-02
4.414414414414414622e+00 4.400301574346313777e-02
4.444444444444444642e+00 3.410334547112271741e-02
4.474474474474474661e+00 2.543891996509329775e-02
4.504504504504504681e+00 1.802675529255276174e-02
4.534534534534534700e+00 1.187986818835315428e-02
4.564564564564564719e+00 7.007230580594937287e-03
4.594594594594594739e+00 3.413737602524697691e-03
4.624624624624624758e+00 1.100189236904292305e-03
4.654654654654654777e+00 6.328569164820907120e-05
4.684684684684684797e+00 2.956365577000061849e-04
4.714714714714714816e+00 1.785783751989194860e-03
4.744744744744744835e+00 4.518238200047538372e-03
4.774774774774774855e+00 8.473530164641824430e-03
4.804804804804804874e+00 1.362827307877034766e-02
4.834834834834834894e+00 1.995524069374633030e-02
4.864864864864864913e+00 2.742345730602174791e-02
4.894894894894894932e+00 3.599830078006360096e-02
4.924924924924924952e+00 4.564161803914238563e-02
4.954954954954954971e+00 5.631185265150188274e-02
4.984984984984984990e+00 6.796418409620137713e-02
5.015015015015015010e+00 8.055067825112467716e-02
5.045045045045045029e+00 9.402044860537353554e-02
5.075075075075075048e+00 1.083198276596678000e-01
5.105105105105105068e+00 1.233925479415868970e-01
5.135135135135135087e+00 1.391799320276574381e-01
5.165165165165165106e+00 1.556210909315338953e-01
5.195195195195195126e+00 1.726531301869647927e-01
5.225225225225225145e+00 1.902113629259949978e-01
5.255255255255255165e+00 2.082295292270282261e-01
5.285285285285285184e+00 2.266400209840662427e-01
5.315315315315315203e+00 2.453741115277326967e-01
5.345345345345345223e+00 2.643621892106639004e-01
5.375375375375375242e+00 2.835339941545761411e-01
5.405405405405405261e+00 3.028188573438507780e-01
5.435435435435435281e+00 3.221459412408786416e-01
5.465465465465465300e+00 3.414444810916926754e-01
5.495495495495495319e+00 3.606440260866490277e-01
5.525525525525525339e+00 3.796746795400749996e-01
5.555555555555555358e+00 3.984673372549375481e-01
5.585585585585585378e+00 4.169539232436526022e-01
5.615615615615615397e+00 4.350676219841781989e-01
5.645645645645645416e+00 4.527431064014588724e-01
5.675675675675675436e+00 4.699167607781088996e-01
5.705705705705705455e+00 4.865268978148612478e-01
5.735735735735735474e+00 5.025139690807550741e-01
5.765765765765765494e+00 5.178207681151650865e-01
5.795795795795795513e+00 5.323926254685883430e-01
5.825825825825825532e+00 5.461775949964416954e-01
5.855855855855855552e+00 5.591266307499394017e-01
5.885885885885885571e+00 5.711937538403133452e-01
5.915915915915915591e+00 5.823362086870513821e-01
5.945945945945945610e+00 5.925146080974073026e-01
5.975975975975975629e+00 6.016930666629992652e-01
6.006006006006005649e+00 6.098393219997606529e-01
6.036036036036035668e+00 6.169248433996684655e-01
6.066066066066065687e+00 6.229249275064410174e-01
6.096096096096095707e+00 6.278187806725735731e-01
6.126126126126125726e+00 6.315895877015303972e-01
6.156156156156155745e+00 6.342245667264805320e-01
6.186186186186185765e+00 6.357150100254572722e-01
6.216216216216215784e+00 6.360563106220878948e-01
6.246246246246245803e+00 6.352479745709015413e-01
6.276276276276275823e+00 6.332936188765030394e-01
6.306306306306305842e+00 6.302009550464059418e-01
6.336336336336335862e+00 6.259817583279017050e-01
6.366366366366365881e+00 6.206518227297831425e-01
6.396396396396395900e+00 6.142309019799078174e-01
6.426426426426426808e+00 6.067426366192383291e-01
6.456456456456456827e+00 5.982144674820329966e-01
6.486486486486486847e+00 5.886775358600242480e-01
6.516516516516516866e+00 5.781665706956173878e-01
6.546546546546546885e+00 5.667197631951349512e-01
6.576576576576576905e+00 5.543786292978063468e-01
6.606606606606606924e+00 5.411878604793658454e-01
6.636636636636636943e+00 5.271951634106362139e-01
6.666666666666666963e+00 5.124510890311851918e-01
6.696696696696696982e+00 4.970088516359090214e-01
6.726726726726727001e+00 4.809241386080605474e-01
6.756756756756757021e+00 4.642549114657302245e-01
6.786786786786787040e+00 4.470611989198922109e-01
6.816816816816817060e+00 4.294048826708388167e-01
6.846846846846847079e+00 4.113494766959370219e-01
6.876876876876877098e+00 3.929599008051401499e-01
6.906906906906907118e+00 3.743022492614353491e-01
6.936936936936937137e+00 3.554435552813428600e-01
6.966966966966967156e+00 3.364515522456562602e-01
6.996996996996997176e+00 3.173944324627381852e-01
7.027027027027027195e+00 2.983406043358379223e-01
7.057057057057057214e+00 2.793584487920372506e-01
7.087087087087087234e+00 2.605160758335269833e-01
7.117117117117117253e+00 2.418810820719623500e-01
7.147147147147147273e+00 2.235203101036347673e-01
7.177177177177177292e+00 2.054996105771388637e-01
7.207207207207207311e+00 1.878836077961281992e-01
7.237237237237237331e+00 1.707354696876633438e-01
7.267267267267267350e+00 1.541166829516155690e-01
7.297297297297297369e+00 1.380868341886320461e-01
7.327327327327327389e+00 1.227033977833747735e-01
7.357357357357357408e+00 1.080215312961698010e-01
7.387387387387387427e+00 9.409387908993974148e-02
7.417417417417417447e+00 8.097038489042704401e-02
7.447447447447447466e+00 6.869811394634722790e-02
7.477477477477477485e+00 5.732108542235823945e-02
7.507507507507507505e+00 4.688011562170005253e-02
7.537537537537537524e+00 3.741267259718791816e-02
7.567567567567567544e+00 2.895274266905613694e-02
7.597597597597597563e+00 2.153070932609706112e-02
7.627627627627627582e+00 1.517324494276533521e-02
7.657657657657657602e+00 9.903215699577595441e-03
7.687687687687687621e+00 5.739600047393454696e-03
7.717717717717717640e+00 2.697421008178274224e-03
7.747747747747747660e+00 7.876925557951206403e-04
7.777777777777777679e+00 1.738027042402269935e-05
7.807807807807807698e+00 3.893764095401469464e-04
7.837837837837837718e+00 1.902489487178609783e-03
7.867867867867867737e+00 4.551448401654596340e-03
7.897897897897897757e+00 8.326921100176808838e-03
7.927927927927927776e+00 1.321554771707496474e-02
7.957957957957957795e+00 1.919998807084157683e-02
7.987987987987987815e+00 2.625898335405016382e-02
8.018018018018018722e+00 3.436743179963701322e-02
8.048048048048048742e+00 4.349647805720318477e-02
8.078078078078078761e+00 5.361361596409131708e-02
8.108108108108108780e+00 6.468280434817588742e-02
8.138138138138138800e+00 7.666459545277533316e-02
8.168168168168168819e+00 8.951627552898770712e-02
8.198198198198198838e+00 1.031920170972490391e-01
8.228228228228228858e+00 1.176430423381656237e-01
8.258258258258258877e+00 1.328177970328255075e-01
8.288288288288288896e+00 1.486621344350002871e-01
8.318318318318318916e+00 1.651195084220339060e-01
8.348348348348348935e+00 1.821311752379183579e-01
8.378378378378378954e+00 1.996364031111866610e-01
8.408408408408408974e+00 2.175726890019342719e-01
8.438438438438438993e+00 2.358759817066021780e-01
8.468468468468469013e+00 2.544809105262221260e-01
8.498498498498499032e+00 2.733210186837106703e-01
8.528528528528529051e+00 2.923290006585866352e-01
8.558558558558559071e+00 3.114369425932285718e-01
8.588588588588589090e+00 3.305765649135518625e-01
8.618618618618619109e+00 3.496794662987911528e-01
8.648648648648649129e+00 3.686773681299753691e-01
8.678678678678679148e+00 3.875023585446846774e-01
8.708708708708709167e+00 4.060871352267914625e-01
8.738738738738739187e+00 4.243652460641172408e-01
8.768768768768769206e+00 4.422713268142631771e-01
8.798798798798799226e+00 4.597413349292680529e-01
8.828828828828829245e+00 4.767127787031789077e-01
8.858858858858859264e+00 4.931249409230644143e-01
8.888888888888889284e+00 5.089190962233280935e-01
8.918918918918919303e+00 5.240387213654433829e-01
8.948948948948949322e+00 5.384296976902184229e-01
8.978978978978979342e+00 5.520405050174220785e-01
9.009009009009009361e+00 5.648224062979247950e-01
9.039039039039039380e+00 5.767296223563044277e-01
9.069069069069069400e+00 5.877194960970745230e-01
9.099099099099099419e+00 5.977526455851173148e-01
9.129129129129129439e+00 6.067931054504845934e-01
9.159159159159159458e+00 6.148084561092628242e-01
9.189189189189189477e+00 6.217699403355861909e-01
9.219219219219219497e+00 6.276525667649275331e-01
9.249249249249249516e+00 6.324351999553823322e-01
9.279279279279279535e+00 6.361006366815816770e-01
9.309309309309309555e+00 6.386356681849779671e-01
9.339339339339339574e+00 6.400311281543624720e-01
9.369369369369369593e+00 6.402819262614241058e-01
9.399399399399399613e+00 6.393870671277247508e-01
9.429429429429429632e+00 6.373496546515409200e-01
9.459459459459459651e+00 6.341768816753274862e-01
9.489489489489489671e+00 6.298800050269705020e-01
9.519519519519519690e+00 6.244743060203251650e-01
9.549549549549549710e+00 6.179790365525358320e-01
9.579579579579579729e+00 6.104173509872062864e-01
9.609609609609609748e+00 6.018162240633758708e-01
9.639639639639639768e+00 5.922063551203073928e-01
9.669669669669669787e+00 5.816220589771341487e-01
9.699699699699699806e+00 5.701011438542473719e-01
9.729729729729729826e+00 5.576847767697782343e-01
9.759759759759759845e+00 5.444173368894682508e-01
9.789789789789789864e+00 5.303462573514516887e-01
9.819819819819819884e+00 5.155218561288873458e-01
9.849849849849849903e+00 4.999971565327361311e-01
9.879879879879879923e+00 4.838276979942550127e-01
9.909909909909909942e+00 4.670713378017356532e-01
9.939939939939939961e+00 4.497880444985890569e-01
9.969969969969969981e+00 4.320396836799245133e-01
1.000000000000000000e+01 4.138897969522024045e-01
1.003003003003003002e+01 3.954033748452144281e-01
1.006006006006006004e+01 3.766466244875457114e-01
1.009009009009009006e+01 3.576867328756284103e-01
1.012012012012012008e+01 3.385916265825323346e-01
1.015015015015015010e+01 3.194297287656130413e-01
1.018018018018018012e+01 3.002697143420634540e-01
1.021021021021021014e+01 2.811802642082270598e-01
1.024024024024024015e+01 2.622298193821978596e-01
1.027027027027027017e+01 2.434863359497737578e-01
1.030030030030030019e+01 2.250170416911944637e-01
1.033033033033033021e+01 2.068881952603369989e-01
1.036036036036036023e+01 1.891648487791494915e-01
1.039039039039039025e+01 1.719106146981204120e-01
1.042042042042042027e+01 1.551874377585510667e-01
1.045045045045045029e+01 1.390553728743633699e-01
1.048048048048048031e+01 1.235723697302123919e-01
1.051051051051051033e+01 1.087940648688452000e-01
1.054054054054054035e+01 9.477358201404553761e-02
1.057057057057057037e+01 8.156134134621963183e-02
1.060060060060060039e+01 6.920487841581554611e-02
1.063063063063063041e+01 5.774867334544395853e-02
1.066066066066066043e+01 4.723399093489684397e-02
1.069069069069069045e+01 3.769873224438317211e-02
1.072072072072072046e+01 2.917729819034373812e-02
1.075075075075075048e+01 2.170046564533003111e-02
1.078078078078078050e+01 1.529527648877458852e-02
1.081081081081081052e+01 9.984940009213563381e-03
1.084084084084084054e+01 5.788749010802197829e-03
1.087087087087087056e+01 2.722009927967799885e-03
1.090090090090090058e+01 7.959872019440520372e-04
1.093093093093093060e+01 1.786212190582096444e-05
1.096096096096096062e+01 3.907062816572488438e-04
1.099099099099099064e+01 1.913469750503246896e-03
1.102102102102102066e+01 4.580984004242837603e-03
1.105105105105105068e+01 8.383979609351062401e-03
1.108108108108108070e+01 1.330911860055369877e-02
1.111111111111111072e+01 1.933904143933529510e-02
1.114114114114114074e+01 2.645242838864541104e-02
1.117117117117117076e+01 3.462407508736688871e-02
1.120120120120120077e+01 4.382498205717051676e-02
1.123123123123123079e+01 5.402245782438418881e-02
1.126126126126126081e+01 6.518023529063135535e-02
1.129129129129129083e+01 7.725860093842032428e-02
1.132132132132132085e+01 9.021453641176024885e-02
1.135135135135135087e+01 1.040018719674134923e-01
1.138138138138138089e+01 1.185714512497169359e-01
1.141141141141141091e+01 1.338713068011853913e-01
1.144144144144144093e+01 1.498468456824778305e-01
1.147147147147147095e+01 1.664410445389173376e-01
1.150150150150150097e+01 1.835946534167248456e-01
1.153153153153153099e+01 2.012464076005918145e-01
1.156156156156156101e+01 2.193332467152783460e-01
1.159159159159159103e+01 2.377905403076963908e-01
1.162162162162162105e+01 2.565523191025111949e-01
1.165165165165165106e+01 2.755515111037522558e-01
1.168168168168168108e+01 2.947201816973523680e-01
1.171171171171171110e+01 3.139897768949749257e-01
1.174174174174174112e+01 3.332913688480172443e-01
1.177177177177177114e+01 3.525559027523278433e-01
1.180180180180180116e+01 3.717144442589671582e-01
1.183183183183183118e+01 3.906984265043161875e-01
1.186186186186186120e+01 4.094398958739770555e-01
1.189189189189189122e+01 4.278717556192443427e-01
1.192192192192192124e+01 4.459280064524012710e-01
1.195195195195195126e+01 4.635439832577206709e-01
1.198198198198198128e+01 4.806565870687655728e-01
1.201201201201201130e+01 4.972045114793600118e-01
1.204204204204204132e+01 5.131284626753492839e-01
1.207207207207207134e+01 5.283713722969546334e-01
1.210210210210210136e+01 5.428786023670477690e-01
1.213213213213213137e+01 5.565981415489370532e-01
1.216216216216216139e+01 5.694807920281693692e-01
1.219219219219219141e+01 5.814803463463175115e-01
1.222222222222222143e+01 5.925537535505888131e-01
1.225225225225225145e+01 6.026612740612543595e-01
1.228228228228228147e+01 6.117666226992310996e-01
1.231231231231231149e+01 6.198370993584570998e-01
1.234234234234234151e+01 6.268437068519160382e-01
1.237237237237237153e+01 6.327612555060312394e-01
1.240240240240240155e+01 6.375684541255981497e-01
1.243243243243243157e+01 6.412479870002043558e-01
1.246246246246246159e+01 6.437865766730809236e-01
1.249249249249249161e+01 6.451750322443260410e-01
1.252252252252252163e+01 6.454082830322697140e-01
1.255255255255255165e+01 6.444853974692336118e-01
1.258258258258258167e+01 6.424095871608601627e-01
1.261261261261261168e+01 6.391881960913894378e-01
1.264264264264264170e+01 6.348326750105435234e-01
1.267267267267267172e+01 6.293585410908233424e-01
1.270270270270270174e+01 6.227853229968937088e-01
1.273273273273273176e+01 6.151364915610783024e-01
1.276276276276276178e+01 6.064393763106633584e-01
1.279279279279279180e+01 5.967250681435192217e-01
1.282282282282282360e+01 5.860283084982943480e-01
1.285285285285285362e+01 5.743873654139687313e-01
1.288288288288288364e+01 5.618438969206517308e-01
1.291291291291291365e+01 5.484428022490824839e-01
1.294294294294294367e+01 5.342320613900631843e-01
1.297297297297297369e+01 5.192625635769816395e-01
1.300300300300300371e+01 5.035879253044401871e-01
1.303303303303303373e+01 4.872642985336673171e-01
1.306306306306306375e+01 4.703501697707445639e-01
1.309309309309309377e+01 4.529061507365616523e-01
1.312312312312312379e+01 4.349947613777387923e-01
1.315315315315315381e+01 4.166802059953798043e-01
1.318318318318318383e+01 3.980281432933886476e-01
1.321321321321321385e+01 3.791054511700504559e-01
1.324324324324324387e+01 3.599799870956151282e-01
1.327327327327327389e+01 3.407203449346364876e-01
1.330330330330330391e+01 3.213956090847457925e-01
1.333333333333333393e+01 3.020751068133481487e-01
1.336336336336336394e+01 2.828281596803782216e-01
1.339339339339339396e+01 2.637238349387099334e-01
1.342342342342342398e+01 2.448306978040724891e-01
1.345345345345345400e+01 2.262165654833898365e-01
1.348348348348348402e+01 2.079482638443247156e-01
1.351351351351351404e+01 1.900913875995091096e-01
1.354354354354354406e+01 1.727100648665060578e-01
1.357357357357357408e+01 1.558667269490121021e-01
1.360360360360360410e+01 1.396218841662446031e-01
1.363363363363363412e+01 1.240339085359128263e-01
1.366366366366366414e+01 1.091588240917376051e-01
1.369369369369369416e+01 9.505010558923548958e-02
1.372372372372372418e+01 8.175848632352952783e-02
1.375375375375375420e+01 6.933177575038707019e-02
1.378378378378378422e+01 5.781468756663431241e-02
1.381381381381381424e+01 4.724867886868978212e-02
1.384384384384384425e+01 3.767180096831471148e-02
1.387387387387387427e+01 2.911856240295436146e-02
1.390390390390390429e+01 2.161980463437830624e-02
1.393393393393393431e+01 1.520259088388205455e-02
1.396396396396396433e+01 9.890108505248485296e-03
1.399399399399399435e+01 5.701585248153880590e-03
1.402402402402402437e+01 2.652219714912810306e-03
1.405405405405405439e+01 7.531262625700688900e-04
1.408408408408408441e+01 1.129455054505421085e-05
1.411411411411411443e+01 4.295638815035860477e-04
1.414414414414414445e+01 2.006612430060402286e-03
1.417417417417417447e+01 4.736961400494082812e-03
1.420420420420420449e+01 8.610994101076305599e-03
1.423423423423423451e+01 1.361498986907133321e-02
1.426426426426426453e+01 1.973117272714238271e-02
1.429429429429429455e+01 2.693777459899983351e-02
1.432432432432432456e+01 3.520911285983231720e-02
1.435435435435435458e+01 4.451568194556435043e-02
1.438438438438438460e+01 5.482425869446708178e-02
1.441441441441441462e+01 6.609802104529430289e-02
1.444444444444444464e+01 7.829667966810183177e-02
1.447447447447447466e+01 9.137662205740722243e-02
1.450450450450450468e+01 1.052910685725242240e-01
1.453453453453453470e+01 1.199902398669283332e-01
1.456456456456456472e+01 1.354215351075232499e-01
1.459459459459459474e+01 1.515297203458409181e-01
1.462462462462462476e+01 1.682571263666483019e-01
1.465465465465465478e+01 1.855438553052941586e-01
1.468468468468468480e+01 2.033279952935275470e-01
1.471471471471471482e+01 2.215458423645649821e-01
1.474474474474474484e+01 2.401321288219966099e-01
1.477477477477477485e+01 2.590202572537729231e-01
1.480480480480480487e+01 2.781425393521116396e-01
1.483483483483483489e+01 2.974304386827678615e-01
1.486486486486486491e+01 3.168148165327846488e-01
1.489489489489489493e+01 3.362261799546489294e-01
1.492492492492492495e+01 3.555949311167345139e-01
1.495495495495495497e+01 3.748516170650884605e-01
1.498498498498498499e+01 3.939271789999841955e-01
1.501501501501501501e+01 4.127532001722609700e-01
1.504504504504504503e+01 4.312621515092833202e-01
1.507507507507507505e+01 4.493876340883573572e-01
1.510510510510510507e+01 4.670646175866169925e-01
1.513513513513513509e+01 4.842296738507045339e-01
1.516516516516516511e+01 5.008212047469505768e-01
1.519519519519519513e+01 5.167796634731670613e-01
1.522522522522522515e+01 5.320477685365123666e-01
1.525525525525525516e+01 5.465707096280923993e-01
1.528528528528528518e+01 5.602963446539499515e-01
1.531531531531531520e+01 5.731753872137242967e-01
1.534534534534534522e+01 5.851615838524560909e-01
1.537537537537537524e+01 5.962118804476409517e-01
1.540540540540540526e+01 6.062865771325427477e-01
1.543543543543543528e+01 6.153494711978574339e-01
1.546546546546546530e+01 6.233679874569032497e-01
1.549549549549549532e+01 6.303132956044587010e-01
1.552552552552552534e+01 6.361604141459975548e-01
1.555555555555555536e+01 6.408883005222513196e-01
1.558558558558558538e+01 6.444799271035316357e-01
1.561561561561561540e+01 6.469223427789575487e-01
1.564564564564564542e+01 6.482067199174217365e-01
1.567567567567567544e+01 6.483283865296264326e-01
1.570570570570570545e+01 6.472868435136553966e-01
1.573573573573573547e+01 6.450857669200978917e-01
1.576576576576576549e+01 6.417329952265373727e-01
1.579579579579579551e+01 6.372405016650456444e-01
1.582582582582582553e+01 6.316243517000401653e-01
1.585585585585585555e+01 6.249046458071795263e-01
1.588588588588588557e+01 6.171054477568106433e-01
1.591591591591591559e+01 6.082546986575727566e-01
1.594594594594594561e+01 5.983841170669345066e-01
1.597597597597597563e+01 5.875290855255456135e-01
1.600600600600600742e+01 5.757285239210905292e-01
1.603603603603603744e+01 5.630247501346987704e-01
1.606606606606606746e+01 5.494633284687109320e-01
1.609609609609609748e+01 5.350929063985644385e-01
1.612612612612612750e+01 5.199650402335714849e-01
1.615615615615615752e+01 5.041340103112921245e-01
1.618618618618618754e+01 4.876566263878827079e-01
1.621621621621621756e+01 4.705920239221154100e-01
1.624624624624624758e+01 4.530014519835672271e-01
1.627627627627627760e+01 4.349480535456743957e-01
1.630630630630630762e+01 4.164966389517966716e-01
1.633633633633633764e+01 3.977134533670828587e-01
1.636636636636636766e+01 3.786659390506299516e-01
1.639639639639639768e+01 3.594224933011666567e-01
1.642642642642642770e+01 3.400522229451319323e-01
1.645645645645645772e+01 3.206246962485740926e-01
1.648648648648648773e+01 3.012096931436606395e-01
1.651651651651651775e+01 2.818769546667654335e-01
1.654654654654654777e+01 2.626959325080547303e-01
1.657657657657657779e+01 2.437355395722105023e-01
1.660660660660660781e+01 2.250639024464153037e-01
1.663663663663663783e+01 2.067481166649971225e-01
1.666666666666666785e+01 1.888540056501902542e-01
1.669669669669669787e+01 1.714458841953894752e-01
1.672672672672672789e+01 1.545863273410587602e-01
1.675675675675675791e+01 1.383359454741980576e-01
1.678678678678678793e+01 1.227531664600164107e-01
1.681681681681681795e+01 1.078940255893015288e-01
1.684684684684684797e+01 9.381196409699389671e-02
1.687687687687687799e+01 8.055763697677777169e-02
1.690690690690690801e+01 6.817873078319261482e-02
1.693693693693693803e+01 5.671979207697284975e-02
1.696696696696696804e+01 4.622206713116704807e-02
1.699699699699699806e+01 3.672335347520398058e-02
1.702702702702702808e+01 2.825786381161383282e-02
1.705705705705705810e+01 2.085610279572232273e-02
1.708708708708708812e+01 1.454475712248050161e-02
1.711711711711711814e+01 9.346599316832999646e-03
1.714714714714714816e+01 5.280405574838702848e-03
1.717717717717717818e+01 2.360887952313063358e-03
1.720720720720720820e+01 5.986411462447041891e-04
1.723723723723723822e+01 1.040618332082533191e-07
1.726726726726726824e+01 5.675363048900859382e-04
1.729729729729729826e+01 2.299009685730335224e-03
1.732732732732732828e+01 5.188414766751267213e-03
1.735735735735735830e+01 9.225482431841730904e-03
1.738738738738738832e+01 1.439582040178276866e-02
1.741741741741741833e+01 2.068096456608454689e-02
1.744744744744744835e+01 2.805844494844669107e-02
1.747747747747747837e+01 3.650186607042182896e-02
1.750750750750750839e+01 4.598100142609383434e-02
1.753753753753753841e+01 5.646190172984062727e-02
1.756756756756756843e+01 6.790701654971630086e-02
1.759759759759759845e+01 8.027532889083983936e-02
1.762762762762762847e+01 9.352250224658983924e-02
1.765765765765765849e+01 1.076010395905424993e-01
1.768768768768768851e+01 1.224604537391193043e-01
1.771771771771771853e+01 1.380474484739810936e-01
1.774774774774774855e+01 1.543061097744673482e-01
1.777777777777777857e+01 1.711781064739734681e-01
1.780780780780780859e+01 1.886028996202103181e-01
1.783783783783783861e+01 2.065179597879317486e-01
1.786786786786786863e+01 2.248589915640473169e-01
1.789789789789789864e+01 2.435601643991772425e-01
1.792792792792792866e+01 2.625543489967308020e-01
1.795795795795795868e+01 2.817733583906001371e-01
1.798798798798798870e+01 3.011481928456135604e-01
1.801801801801801872e+01 3.206092877010581210e-01
1.804804804804804874e+01 3.400867632669073437e-01
1.807807807807807876e+01 3.595106758749150866e-01
1.810810810810810878e+01 3.788112691824855327e-01
1.813813813813813880e+01 3.979192248262252707e-01
1.816816816816816882e+01 4.167659115243213530e-01
1.819819819819819884e+01 4.352836317323671711e-01
1.822822822822822886e+01 4.534058649659551410e-01
1.825825825825825888e+01 4.710675069152404637e-01
1.828828828828828890e+01 4.882051034917145871e-01
1.831831831831831892e+01 5.047570789655415613e-01
1.834834834834834894e+01 5.206639573729766601e-01
1.837837837837837895e+01 5.358685763974727623e-01
1.840840840840840897e+01 5.503162929550641236e-01
1.843843843843843899e+01 5.639551797443425052e-01
1.846846846846846901e+01 5.767362120537513626e-01
1.849849849849849903e+01 5.886134441538567463e-01
1.852852852852852905e+01 5.995441746396396043e-01
1.855855855855855907e+01 6.094891001274856945e-01
1.858858858858858909e+01 6.184124567533649808e-01
1.861861861861861911e+01 6.262821489624837978e-01
1.864864864864864913e+01 6.330698651263052534e-01
1.867867867867867915e+01 6.387511795701663608e-01
1.870870870870870917e+01 6.433056406434995989e-01
1.873873873873873919e+01 6.467168445148205880e-01
1.876876876876876921e+01 6.489724944249160021e-01
1.879879879879879923e+01 6.500644451839217020e-01
1.882882882882882924e+01 6.499887327509966672e-01
1.885885885885885926e+01 6.487455887889110873e-01
1.888888888888888928e+01 6.463394401398722122e-01
1.891891891891891930e+01 6.427788932231011110e-01
1.894894894894894932e+01 6.380767034088918876e-01
1.897897897897897934e+01 6.322497294778892662e-01
1.900900900900900936e+01 6.253188733279465561e-01
1.903903903903903938e+01 6.173090051439884540e-01
1.906906906906906940e+01 6.082488742985648900e-01
1.909909909909909942e+01 5.981710063021272727e-01
1.912912912912912944e+01 5.871115861722242535e-01
1.915915915915915946e+01 5.751103286396805903e-01
1.918918918918918948e+01 5.622103356571861443e-01
1.921921921921921950e+01 5.484579417214126007e-01
1.924924924924924952e+01 5.339025475636348661e-01
1.927927927927927954e+01 5.185964428057089348e-01
1.930930930930930955e+01 5.025946182179770183e-01
1.933933933933933957e+01 4.859545682531201671e-01
1.936936936936936959e+01 4.687360845650022645e-01
1.939939939939939961e+01 4.510010412540172431e-01
1.942942942942942963e+01 4.328131726102782406e-01
1.945945945945945965e+01 4.142378441530203959e-01
1.948948948948948967e+01 3.953418177887688678e-01
1.951951951951951969e+01 3.761930119320472388e-01
1.954954954954954971e+01 3.568602574505813085e-01
1.957957957957957973e+01 3.374130503120548741e-01
1.960960960960960975e+01 3.179213018214009923e-01
1.963963963963963977e+01 2.984550873463655551e-01
1.966966966966966979e+01 2.790843944345927086e-01
1.969969969969969981e+01 2.598788712277441681e-01
1.972972972972972983e+01 2.409075760771879071e-01
1.975975975975975985e+01 2.222387292615425614e-01
1.978978978978978986e+01 2.039394676988907640e-01
1.981981981981981988e+01 1.860756035357840898e-01
1.984984984984984990e+01 1.687113874813012948e-01
1.987987987987987992e+01 1.519092777374339009e-01
1.990990990990990994e+01 1.357297153570268533e-01
1.993993993993993996e+01 1.202309068374621120e-01
1.996996996996996998e+01 1.054686147323242590e-01
2.000000000000000000e+01 9.149595703452442774e-02
2.003003003003003002e+01 7.836321605288497361e-02
2.006006006006006004e+01 6.611765747010975303e-02
2.009009009009009006e+01 5.480336023351579239e-02
2.012012012012012008e+01 4.446105789100259637e-02
2.015015015015015010e+01 3.512799194363367544e-02
2.018018018018018012e+01 2.683777774304037939e-02
2.021021021021021014e+01 1.962028341679478843e-02
2.024024024024024015e+01 1.350152225808958634e-02
2.027027027027027017e+01 8.503558967683068695e-03
2.030030030030030019e+01 4.644430086286933934e-03
2.033033033033033021e+01 1.938078904573794538e-03
2.036036036036036023e+01 3.943050859434626466e-04
2.039039039039039025e+01 1.872918429822912980e-05
2.042042042042042027e+01 8.127721855293380034e-04
2.045045045045045029e+01 2.773650147400507065e-03
2.048048048048048031e+01 5.894383958225064835e-03
2.051051051051051033e+01 1.016382418036571728e-02
2.054054054054054035e+01 1.556669089033591372e-02
2.057057057057057037e+01 2.208362837334424539e-02
2.060060060060060039e+01 2.969127447669249811e-02
2.063063063063063041e+01 3.836234437370570488e-02
2.066066066066066043e+01 4.806572843802949663e-02
2.069069069069069045e+01 5.876660387736094837e-02
2.072072072072072046e+01 7.042655972616954085e-02
2.075075075075075048e+01 8.300373474888921022e-02
2.078078078078078050e+01 9.645296775859801830e-02
2.081081081081081052e+01 1.107259598115123284e-01
2.084084084084084054e+01 1.257714476948705584e-01
2.087087087087087056e+01 1.415353880851215607e-01
2.090090090090090058e+01 1.579611517149080990e-01
2.093093093093093060e+01 1.749897268512917714e-01
2.096096096096096062e+01 1.925599313541212776e-01
2.099099099099099064e+01 2.106086325525356462e-01
2.102102102102102066e+01 2.290709741494132146e-01
2.105105105105105068e+01 2.478806093382477094e-01
2.108108108108108070e+01 2.669699392945200644e-01
2.111111111111111072e+01 2.862703561842481759e-01
2.114114114114114074e+01 3.057124898160845650e-01
2.117117117117117076e+01 3.252264570501573471e-01
2.120120120120120077e+01 3.447421130668771316e-01
2.123123123123123079e+01 3.641893035921703881e-01
2.126126126126126081e+01 3.834981171720930337e-01
2.129129129129129083e+01 4.025991365895378871e-01
2.132132132132132085e+01 4.214236885187632731e-01
2.135135135135135087e+01 4.399040905197478257e-01
2.138138138138138089e+01 4.579738944838710468e-01
2.141141141141141091e+01 4.755681256551297365e-01
2.144144144144144093e+01 4.926235163669370198e-01
2.147147147147147095e+01 5.090787336535087526e-01
2.150150150150150097e+01 5.248745999168066279e-01
2.153153153153153099e+01 5.399543058549259866e-01
2.156156156156156101e+01 5.542636148855990541e-01
2.159159159159159103e+01 5.677510583290181767e-01
2.162162162162162105e+01 5.803681206473685350e-01
2.165165165165165106e+01 5.920694140741781242e-01
2.168168168168168108e+01 6.028128420047074165e-01
2.171171171171171110e+01 6.125597505589865932e-01
2.174174174174174112e+01 6.212750677716082359e-01
2.177177177177177114e+01 6.289274299068474683e-01
2.180180180180180116e+01 6.354892944439711755e-01
2.183183183183183118e+01 6.409370393254958387e-01
2.186186186186186120e+01 6.452510481105554474e-01
2.189189189189189122e+01 6.484157807262046491e-01
2.192192192192192124e+01 6.504198295612774183e-01
2.195195195195195126e+01 6.512559607001178197e-01
2.198198198198198128e+01 6.509211401469523484e-01
2.201201201201201130e+01 6.494165449456438255e-01
2.204204204204204132e+01 6.467475591538990320e-01
2.207207207207207134e+01 6.429237546854826846e-01
2.210210210210210136e+01 6.379588570884222598e-01
2.213213213213213137e+01 6.318706963813813804e-01
2.216216216216216139e+01 6.246811431241399148e-01
2.219219219219219141e+01 6.164160299512440044e-01
2.222222222222222143e+01 6.071050588502040490e-01
2.225225225225225145e+01 5.967816945169085452e-01
2.228228228228228147e+01 5.854830441710403566e-01
2.231231231231231149e+01 5.732497242630077983e-01
2.234234234234234151e+01 5.601257145510873947e-01
2.237237237237237153e+01 5.461582000729442443e-01
2.240240240240240155e+01 5.313974015792768402e-01
2.243243243243243157e+01 5.158963950388770758e-01
2.246246246246246159e+01 4.997109208637480204e-01
2.249249249249249161e+01 4.828991835399508714e-01
2.252252252252252163e+01 4.655216423844069085e-01
2.255255255255255165e+01 4.476407941798479229e-01
2.258258258258258167e+01 4.293209484693876754e-01
2.261261261261261168e+01 4.106279963186262871e-01
2.264264264264264170e+01 3.916291733767659489e-01
2.267267267267267172e+01 3.723928180887672856e-01
2.270270270270270174e+01 3.529881259280849282e-01
2.273273273273273176e+01 3.334849005338772487e-01
2.276276276276276178e+01 3.139533026477919764e-01
2.279279279279279180e+01 2.944635977533911486e-01
2.282282282282282182e+01 2.750859033260014685e-01
2.285285285285285184e+01 2.558899366022427402e-01
2.288288288288288186e+01 2.369447637766628478e-01
2.291291291291291188e+01 2.183185515278343869e-01
2.294294294294294190e+01 2.000783217679412695e-01
2.297297297297297192e+01 1.822897104983393357e-01
2.300300300300300194e+01 1.650167316388570227e-01
2.303303303303303196e+01 1.483215466807603911e-01
2.306306306306306197e+01 1.322642409924018880e-01
2.309309309309309199e+01 1.169026075826926914e-01
2.312312312312312201e+01 1.022919391007480056e-01
2.315315315315315203e+01 8.848482882047228881e-02
2.318318318318318205e+01 7.553098132656720087e-02
2.321321321321321207e+01 6.347703358358390557e-02
2.324324324324324209e+01 5.236638703232208980e-02
2.327327327327327211e+01 4.223905131824197412e-02
2.330330330330330213e+01 3.313150021473863782e-02
2.333333333333333215e+01 2.507654026028365707e-02
2.336336336336336217e+01 1.810319258272576753e-02
2.339339339339339219e+01 1.223658833662132940e-02
2.342342342342342221e+01 7.497878130509951292e-03
2.345345345345345223e+01 3.904155770736654051e-03
2.348348348348348225e+01 1.468396596927857905e-03
2.351351351351351227e+01 1.994106317431662328e-04
2.354354354354354228e+01 1.018107142339801894e-04
2.357357357357357230e+01 1.175995732237164774e-03
2.360360360360360232e+01 3.418149014910231570e-03
2.363363363363363234e+01 6.820251891969638172e-03
2.366366366366366236e+01 1.137011237162194495e-02
2.369369369369369238e+01 1.705140883477532232e-02
2.372372372372372240e+01 2.384374858908158007e-02
2.375375375375375242e+01 3.172274107288153289e-02
2.378378378378378244e+01 4.066008544640134503e-02
2.381381381381381246e+01 5.062367225576420993e-02
2.384384384384384248e+01 6.157769880472655638e-02
2.387387387387387250e+01 7.348279781970420976e-02
2.390390390390390252e+01 8.629617894579806603e-02
2.393393393393393254e+01 9.997178256533391372e-02
2.396396396396396256e+01 1.144604453860620930e-01
2.399399399399399258e+01 1.297100772037843019e-01
2.402402402402402259e+01 1.456658482039289992e-01
2.405405405405405261e+01 1.622703861286435845e-01
2.408408408408408263e+01 1.794639826004338079e-01
2.411411411411411265e+01 1.971848078603941068e-01
2.414414414414414267e+01 2.153691331487529725e-01
2.417417417417417269e+01 2.339515599279191616e-01
2.420420420420420271e+01 2.528652551235461843e-01
2.423423423423423273e+01 2.720421915374356958e-01
2.426426426426426275e+01 2.914133925674455838e-01
2.429429429429429277e+01 3.109091803540205978e-01
2.432432432432432279e+01 3.304594264605947851e-01
2.435435435435435281e+01 3.499938041859388949e-01
2.438438438438438283e+01 3.694420416006187202e-01
2.441441441441441285e+01 3.887341743970679220e-01
2.444444444444444287e+01 4.078007976434071535e-01
2.447447447447447288e+01 4.265733155350425743e-01
2.450450450450450290e+01 4.449841882452248987e-01
2.453453453453453292e+01 4.629671749861589691e-01
2.456456456456456294e+01 4.804575724058319230e-01
2.459459459459459296e+01 4.973924474624781267e-01
2.462462462462462298e+01 5.137108639384221354e-01
2.465465465465465300e+01 5.293541017778956581e-01
2.468468468468468302e+01 5.442658684591988871e-01
2.471471471471471304e+01 5.583925016402135899e-01
2.474474474474474306e+01 5.716831623476310575e-01
2.477477477477477308e+01 5.840900180142631903e-01
2.480480480480480310e+01 5.955684147052968669e-01
2.483483483483483312e+01 6.060770379132272012e-01
2.486486486486486314e+01 6.155780613423204040e-01
2.489489489489489316e+01 6.240372831466397541e-01
2.492492492492492318e+01 6.314242491308024174e-01
2.495495495495495319e+01 6.377123624695339998e-01
2.498498498498498321e+01 6.428789795505658322e-01
2.501501501501501323e+01 6.469054915953648122e-01
2.504504504504504325e+01 6.497773917633273832e-01
2.507507507507507327e+01 6.514843274973211029e-01
2.510510510510510329e+01 6.520201379215464499e-01
2.513513513513513331e+01 6.513828761564771641e-01
2.516516516516516333e+01 6.495748164699274296e-01
2.519519519519519335e+01 6.466024462378477944e-01
2.522522522522522337e+01 6.424764427431269853e-01
2.525525525525525339e+01 6.372116348952509002e-01
2.528528528528528341e+01 6.308269500079294323e-01
2.531531531531531343e+01 6.233453458256018598e-01
2.534534534534534345e+01 6.147937280428141804e-01
2.537537537537537347e+01 6.052028536126975444e-01
2.540540540540540349e+01 5.946072201919239131e-01
2.543543543543543350e+01 5.830449421194423554e-01
2.546546546546546352e+01 5.705576133747672918e-01
2.549549549549549354e+01 5.571901580084790417e-01
2.552552552552552356e+01 5.429906685827184942e-01
2.555555555555555358e+01 5.280102332026137546e-01
2.558558558558558360e+01 5.123027517606889569e-01
2.561561561561561362e+01 4.959247420551365915e-01
2.564564564564564719e+01 4.789351364793298926e-01
2.567567567567567721e+01 4.613950700139117789e-01
2.570570570570570723e+01 4.433676602841082337e-01
2.573573573573573725e+01 4.249177804735643216e-01
2.576576576576576727e+01 4.061118259116892060e-01
2.579579579579579729e+01 3.870174751743338248e-01
2.582582582582582731e+01 3.677034465574049449e-01
2.585585585585585733e+01 3.482392507997097986e-01
2.588588588588588735e+01 3.286949409448619575e-01
2.591591591591591737e+01 3.091408602424217666e-01
2.594594594594594739e+01 2.896473889955351599e-01
2.597597597597597741e+01 2.702846912661694967e-01
2.600600600600600742e+01 2.511224623495992292e-01
2.603603603603603744e+01 2.322296779270588418e-01
2.606606606606606746e+01 2.136743457994883522e-01
2.609609609609609748e+01 1.955232610960363493e-01
2.612612612612612750e+01 1.778417658385250955e-01
2.615615615615615752e+01 1.606935137274342895e-01
2.618618618618618754e+01 1.441402409962111719e-01
2.621621621621621756e+01 1.282415441588979632e-01
2.624624624624624758e+01 1.130546654513014532e-01
2.627627627627627760e+01 9.863428673826303561e-02
2.630630630630630762e+01 8.503233262915167734e-02
2.633633633633633764e+01 7.229778351058656349e-02
2.636636636636636766e+01 6.047649916973081574e-02
2.639639639639639768e+01 4.961105364340337442e-02
2.642642642642642770e+01 3.974058188787788631e-02
2.645645645645645772e+01 3.090063882171096080e-02
2.648648648648648773e+01 2.312307124943032213e-02
2.651651651651651775e+01 1.643590312756727095e-02
2.654654654654654777e+01 1.086323458651252197e-02
2.657657657657657779e+01 6.425155072174748051e-03
2.660660660660660781e+01 3.137670920612136392e-03
2.663663663663663783e+01 1.012647626866592905e-03
2.666666666666666785e+01 5.776701634786055614e-05
2.669669669669669787e+01 2.764994734800015541e-04
2.672672672672672789e+01 1.668091328128275437e-03
2.675675675675675791e+01 4.227567445766090490e-03
2.678678678678678793e+01 7.945749012615426279e-03
2.681681681681681795e+01 1.280928645229694775e-02
2.684684684684684797e+01 1.880070735605501864e-02
2.687687687687687799e+01 2.589847925457393688e-02
2.690690690690690801e+01 3.407708700596952939e-02
2.693693693693693803e+01 4.330712452191751161e-02
2.696696696696696804e+01 5.355540050225515020e-02
2.699699699699699806e+01 6.478505779795382113e-02
2.702702702702702808e+01 7.695570597328542373e-02
2.705705705705705810e+01 9.002356659047551501e-02
2.708708708708708812e+01 1.039416306943190954e-01
2.711711711711711814e+01 1.186598279302974179e-01
2.714714714714714816e+01 1.341252066878342031e-01
2.717717717717717818e+01 1.502821246206162420e-01
2.720720720720720820e+01 1.670724488585253742e-01
2.723723723723723822e+01 1.844357651908125340e-01
2.726726726726726824e+01 2.023095954678202912e-01
2.729729729729729826e+01 2.206296224389506788e-01
2.732732732732732828e+01 2.393299212177696644e-01
2.735735735735735830e+01 2.583431965412574249e-01
2.738738738738738832e+01 2.776010249693195431e-01
2.741741741741741833e+01 2.970341011528598307e-01
2.744744744744744835e+01 3.165724872840360860e-01
2.747747747747747837e+01 3.361458648308290331e-01
2.750750750750750839e+01 3.556837876497997430e-01
2.753753753753753841e+01 3.751159355659172134e-01
2.756756756756756843e+01 3.943723675066142520e-01
2.759759759759759845e+01 4.133837732788132047e-01
2.762762762762762847e+01 4.320817230825036437e-01
2.765765765765765849e+01 4.503989138625743016e-01
2.768768768768768851e+01 4.682694116119500150e-01
2.771771771771771853e+01 4.856288887536268084e-01
2.774774774774774855e+01 5.024148557468812726e-01
2.777777777777777857e+01 5.185668860836969429e-01
2.780780780780780859e+01 5.340268338652096602e-01
2.783783783783783861e+01 5.487390431746572705e-01
2.786786786786786863e+01 5.626505484928331358e-01
2.789789789789789864e+01 5.757112654342501079e-01
2.792792792792792866e+01 5.878741711170503148e-01
2.795795795795795868e+01 5.990954735169925494e-01
2.798798798798798870e+01 6.093347691954730250e-01
2.801801801801801872e+01 6.185551888333867820e-01
2.804804804804804874e+01 6.267235300465016090e-01
2.807807807807807876e+01 6.338103770037898377e-01
2.810810810810810878e+01 6.397902064176665959e-01
2.813813813813813880e+01 6.446414795241219853e-01
2.816816816816816882e+01 6.483467197211596478e-01
2.819819819819819884e+01 6.508925755855865525e-01
2.822822822822822886e+01 6.522698690408181843e-01
2.825825825825825888e+01 6.524736285018165605e-01
2.828828828828828890e+01 6.515031068773693423e-01
2.831831831831831892e+01 6.493617843644163834e-01
2.834834834834834894e+01 6.460573560238894730e-01
2.837837837837837895e+01 6.416017041823179889e-01
2.840840840840840897e+01 6.360108557580903543e-01
2.843843843843843899e+01 6.293049246655305629e-01
2.846846846846846901e+01 6.215080395036921557e-01
2.849849849849849903e+01 6.126482567897424403e-01
2.852852852852852905e+01 6.027574600488824208e-01
2.855855855855855907e+01 5.918712451236555205e-01
2.858858858858858909e+01 5.800287921151513482e-01
2.861861861861861911e+01 5.672727244167294902e-01
2.864864864864864913e+01 5.536489553473965541e-01
2.867867867867867915e+01 5.392065229366184154e-01
2.870870870870870917e+01 5.239974134550302587e-01
2.873873873873873919e+01 5.080763743260574561e-01
2.876876876876876921e+01 4.915007170916889656e-01
2.879879879879879923e+01 4.743301111415084703e-01
2.882882882882882924e+01 4.566263689473392673e-01
2.885885885885885926e+01 4.384532235764867503e-01
2.888888888888888928e+01 4.198760992843771356e-01
2.891891891891891930e+01 4.009618760123370151e-01
2.894894894894894932e+01 3.817786486382352962e-01
2.897897897897897934e+01 3.623954818466185723e-01
2.900900900900900936e+01 3.428821615007797141e-01
2.903903903903903938e+01 3.233089434118178174e-01
2.906906906906906940e+01 3.037463004091530694e-01
2.909909909909909942e+01 2.842646686230990150e-01
2.912912912912912944e+01 2.649341938929645202e-01
2.915915915915915946e+01 2.458244792137371793e-01
2.918918918918918948e+01 2.270043341306818840e-01
2.921921921921921950e+01 2.085415269842141039e-01
2.924924924924924952e+01 1.905025408971625367e-01
2.927927927927927954e+01 1.729523343830983162e-01
2.930930930930930955e+01 1.559541074377910341e-01
2.933933933933933957e+01 1.395690739561396831e-01
2.936936936936936959e+01 1.238562412941759533e-01
2.939939939939939961e+01 1.088721977700367743e-01
2.942942942942942963e+01 9.467090886924277304e-02
2.945945945945945965e+01 8.130352288830147711e-02
2.948948948948948967e+01 6.881818671669284737e-02
2.951951951951951969e+01 5.725987242081206907e-02
2.954954954954954971e+01 4.667021525457030334e-02
2.957957957957957973e+01 3.708736368022995389e-02
2.960960960960960975e+01 2.854584193982302037e-02
2.963963963963963977e+01 2.107642567232817163e-02
2.966966966966966979e+01 1.470603102482214222e-02
2.969969969969969981e+01 9.457617657247292808e-03
2.972972972972972983e+01 5.350105990422360409e-03
2.975975975975975985e+01 2.398308995647411342e-03
2.978978978978978986e+01 6.128787719030074103e-04
2.981981981981981988e+01 2.681034041706096790e-07
2.984984984984984990e+01 5.627071363350353477e-04
2.987987987987987992e+01 2.298195259153464152e-03
2.990990990990990994e+01 5.200508216112753948e-03
2.993993993993993996e+01 9.259220428796822999e-03
2.996996996996996998e+01 1.445974244570356892e-02
3.000000000000000000e+01 2.078337338543552806e-02
