# k [1/Mpc], Window(k) [Mpc]
9.999999999999999547e-08 6.883904178143616028e-10
1.042317000000000002e-07 7.402714860694767720e-10
1.086425999999999937e-07 7.960705741792447192e-10
1.132400000000000002e-07 8.560978964466872979e-10
1.180320999999999998e-07 9.206902813901381878e-10
1.230268999999999884e-07 9.902136254847230346e-10
1.282330999999999997e-07 1.065065555090459927e-09
1.336595999999999986e-07 1.145678204088042974e-09
1.393156999999999986e-07 1.232521937558582582e-09
1.452112000000000000e-07 1.326108359178770971e-09
1.513560999999999877e-07 1.426994503659689227e-09
1.577610999999999978e-07 1.535787148360227397e-09
1.644371999999999896e-07 1.653147260023682201e-09
1.713957000000000053e-07 1.779795388092675916e-09
1.786487999999999897e-07 1.916517201305933987e-09
1.862086999999999937e-07 2.064169671301210003e-09
1.940885999999999900e-07 2.223687848498899561e-09
2.023018999999999886e-07 2.396092415149793568e-09
2.108627999999999895e-07 2.582497553037119940e-09
2.197860000000000068e-07 2.784120028461515640e-09
2.290868000000000076e-07 3.002289300508454857e-09
2.387810999999999914e-07 3.238457609365812934e-09
2.488857000000000195e-07 3.494212086593896552e-09
2.594178999999999820e-07 3.771287673093167324e-09
2.703957999999999972e-07 4.071580824420862698e-09
2.818383000000000151e-07 4.397165363263843802e-09
2.937649999999999839e-07 4.750308751260215787e-09
3.061963000000000007e-07 5.133490875262600988e-09
3.191538000000000160e-07 5.549424049061561218e-09
3.326595999999999939e-07 6.001075357336575343e-09
3.467369000000000242e-07 6.491689732287359724e-09
3.614099000000000128e-07 7.024817182564671830e-09
3.767037999999999986e-07 7.604340797227526408e-09
3.926448999999999877e-07 8.234508117887722168e-09
4.092606999999999981e-07 8.919965689087531061e-09
4.265794999999999851e-07 9.665795204353183122e-09
4.446312999999999827e-07 1.047755550561248515e-08
4.634469000000000152e-07 1.136132495063563716e-08
4.830588000000000268e-07 1.232375105549440421e-08
5.035005999999999816e-07 1.337210242449146644e-08
5.248075000000000359e-07 1.451432482607887996e-08
5.470160000000000326e-07 1.575910483520446874e-08
5.701643000000000520e-07 1.711593567305754646e-08
5.942922000000000493e-07 1.859519181025017434e-08
6.194410999999999602e-07 2.020820724198239186e-08
6.456542000000000032e-07 2.196736346290052518e-08
6.729767000000000284e-07 2.388618207049389821e-08
7.014553000000000330e-07 2.597942717828387956e-08
7.311391000000000384e-07 2.826321658496776841e-08
7.620790000000000307e-07 3.075513781492546899e-08
7.943281999999999752e-07 3.347438575647441765e-08
8.279422000000000272e-07 3.644189248949316194e-08
8.629784999999999742e-07 3.968048755770838465e-08
8.994976000000000037e-07 4.321505716439610020e-08
9.375620000000000411e-07 4.707272824289263350e-08
9.772371999999999886e-07 5.128305067065083576e-08
1.018591000000000045e-06 5.587821143453850002e-08
1.061696000000000033e-06 6.089326119341778499e-08
1.106623999999999944e-06 6.636633942522589103e-08
1.153453000000000025e-06 7.233895778957683596e-08
1.202263999999999972e-06 7.885625741214335632e-08
1.253140999999999985e-06 8.596732913204860541e-08
1.306170999999999924e-06 9.372551923555894000e-08
1.361444999999999973e-06 1.021887905639869968e-07
1.419058000000000000e-06 1.114200924976486953e-07
1.479107999999999959e-06 1.214877603959570774e-07
1.541699999999999995e-06 1.324659426195143567e-07
1.606941000000000095e-06 1.444350759885206062e-07
1.674942999999999965e-06 1.574823666471671435e-07
1.745822000000000054e-06 1.717022938197094266e-07
1.819700999999999944e-06 1.871972415641491216e-07
1.896705999999999938e-06 2.040780434791650625e-07
1.976969999999999895e-06 2.224646285907609861e-07
2.060630000000000208e-06 2.424867264781028549e-07
2.147829999999999983e-06 2.642846082606028363e-07
2.238721000000000211e-06 2.880098225261315893e-07
2.333457999999999877e-06 3.138260453212513784e-07
2.432203999999999880e-06 3.419099764689021282e-07
2.535128999999999830e-06 3.724522048552964727e-07
2.642408999999999928e-06 4.056582751677603116e-07
2.754228999999999986e-06 4.417496350167247660e-07
2.870780999999999798e-06 4.809648544578745840e-07
2.992264999999999802e-06 5.235606412876159733e-07
3.118890000000000051e-06 5.698131874997896846e-07
3.250872999999999969e-06 6.200193730505052572e-07
3.388441999999999922e-06 6.744981648154800916e-07
3.531831999999999832e-06 7.335920152568956666e-07
3.681289999999999952e-06 7.976683007197143621e-07
3.837072000000000148e-06 8.671209958029177322e-07
3.999446999999999589e-06 9.423721379011763621e-07
4.168693999999999834e-06 1.023873584448929315e-06
4.345101999999999755e-06 1.112108821078074238e-06
4.528976000000000360e-06 1.207594598525311602e-06
4.720629999999999728e-06 1.310883075590360716e-06
4.920395000000000008e-06 1.422563343723958270e-06
5.128614000000000293e-06 1.543263984396714567e-06
5.345643999999999636e-06 1.673654619662293137e-06
5.571856999999999837e-06 1.814448186727673123e-06
5.807643999999999617e-06 1.966403176471279403e-06
6.053408999999999965e-06 2.130325610349694272e-06
6.309573000000000008e-06 2.307071366041500383e-06
6.576577999999999665e-06 2.497548505745399473e-06
6.854882000000000144e-06 2.702719273290597424e-06
7.144962999999999815e-06 2.923602613222121582e-06
7.447320000000000383e-06 3.161276062216655256e-06
7.762470999999999629e-06 3.416878555810068516e-06
8.090959000000000473e-06 3.691611921354175273e-06
8.433348000000000694e-06 3.986743466852518547e-06
8.790224999999999344e-06 4.303608056486049710e-06
9.162205000000000482e-06 4.643610332757771446e-06
9.549925999999999272e-06 5.008226334108042219e-06
9.954053999999999276e-06 5.399005220258030146e-06
1.037528000000000072e-05 5.817571612578425185e-06
1.081434000000000021e-05 6.265626962108080518e-06
1.127196999999999942e-05 6.744950558773226112e-06
1.174898000000000080e-05 7.257401873369034131e-06
1.224616000000000033e-05 7.804921130155444741e-06
1.276439000000000028e-05 8.389529916289738197e-06
1.330454000000000052e-05 9.013332507908437786e-06
1.386755999999999975e-05 9.678517197116988144e-06
1.445440000000000005e-05 1.038735469987627079e-05
1.506606999999999922e-05 1.114220052670475960e-05
1.570362999999999859e-05 1.194549310413446626e-05
1.636817000000000155e-05 1.279975499746770444e-05
1.706081999999999906e-05 1.370759090296302573e-05
1.778279000000000123e-05 1.467168853191496041e-05
1.853531999999999993e-05 1.569481544855430195e-05
1.931967999999999931e-05 1.677982192178687333e-05
2.013724000000000034e-05 1.792963232430429678e-05
2.098939999999999931e-05 1.914725039473961550e-05
2.187762000000000010e-05 2.043575529802432289e-05
2.280342000000000062e-05 2.179829587363616230e-05
2.376840000000000100e-05 2.323809194063021570e-05
2.477421999999999876e-05 2.475843390168946961e-05
2.582259999999999905e-05 2.636266643812272453e-05
2.691534999999999972e-05 2.805420722541283380e-05
2.805433999999999947e-05 2.983652397316979808e-05
2.924151999999999917e-05 3.171313529900470602e-05
3.047895000000000064e-05 3.368761341570213530e-05
3.176874000000000240e-05 3.576356741357729482e-05
3.311311000000000050e-05 3.794465177097672937e-05
3.451437000000000070e-05 4.023454459838486311e-05
3.597493000000000218e-05 4.263694917986109601e-05
3.749729999999999757e-05 4.515559245969076721e-05
3.908409000000000004e-05 4.779419588697114387e-05
4.073802999999999729e-05 5.055648689087799966e-05
4.246195999999999825e-05 5.344617160125175915e-05
4.425883999999999992e-05 5.646693112248417395e-05
4.613176000000000163e-05 5.962239760438357340e-05
4.808392999999999755e-05 6.291614289488494923e-05
5.011871999999999980e-05 6.635165434841319742e-05
5.223962000000000180e-05 6.993231242079056651e-05
5.445027000000000070e-05 7.366136394236170580e-05
5.675445999999999735e-05 7.754189058162745489e-05
5.915615999999999843e-05 8.157677428381870780e-05
6.165949999999999469e-05 8.576865573914758847e-05
6.426877000000000165e-05 9.011989323273061512e-05
6.698845999999999458e-05 9.463250387875713030e-05
6.982324000000000202e-05 9.930811355915318865e-05
7.277797999999999874e-05 1.041478851176502388e-04
7.585776000000000129e-05 1.091524507302127031e-04
7.906785999999999958e-05 1.143218184527738078e-04
8.241381000000000097e-05 1.196552986453823416e-04
8.590135000000000045e-05 1.251513851883620499e-04
8.953647999999999761e-05 1.308076496851690897e-04
9.332542999999999460e-05 1.366206135071029520e-04
9.727472000000000028e-05 1.425856270194607442e-04
1.013910999999999990e-04 1.486966922787260172e-04
1.056817999999999950e-04 1.549463109116579272e-04
1.101538999999999958e-04 1.613253668864487165e-04
1.148154000000000053e-04 1.678227991201071705e-04
1.196740999999999999e-04 1.744255548237760042e-04
1.247383999999999982e-04 1.811183128571891804e-04
1.300170000000000123e-04 1.878832347218979410e-04
1.355189000000000079e-04 1.946998072966339753e-04
1.412538000000000129e-04 2.015445358280885848e-04
1.472312999999999942e-04 2.083907877104842989e-04
1.534616999999999947e-04 2.152085646331186250e-04
1.599558000000000110e-04 2.219641921700945663e-04
1.667247000000000065e-04 2.286202841461165919e-04
1.737801000000000135e-04 2.351354974595381935e-04
1.811340000000000042e-04 2.414644548801284281e-04
1.887990999999999996e-04 2.475576541701115553e-04
1.967886000000000017e-04 2.533615891629678856e-04
2.051161999999999929e-04 2.588187580128938959e-04
2.137961999999999979e-04 2.638679990184619089e-04
2.228435000000000019e-04 2.684448133569821955e-04
2.322737000000000120e-04 2.724819036739525987e-04
2.421028999999999889e-04 2.759099533406689036e-04
2.523480999999999836e-04 2.786584592791226415e-04
2.630267999999999734e-04 2.806570243801716756e-04
2.741573999999999986e-04 2.818366527167956957e-04
2.857590999999999929e-04 2.821315139822230746e-04
2.978516000000000063e-04 2.814808367356186943e-04
3.104560000000000240e-04 2.798311308327191410e-04
3.235937000000000253e-04 2.771386869755285620e-04
3.372873000000000190e-04 2.733721284277900202e-04
3.515603999999999756e-04 2.685152655129247295e-04
3.664375999999999896e-04 2.625699561567928337e-04
3.819442999999999948e-04 2.555589075077877438e-04
3.981071999999999888e-04 2.475283560080622286e-04
4.149539999999999848e-04 2.385503747745204431e-04
4.325137999999999856e-04 2.287246484247716140e-04
4.508167000000000099e-04 2.181796541464454931e-04
4.698940999999999773e-04 2.070727355551869485e-04
4.897788000000000141e-04 1.955891601997840758e-04
5.105049999999999649e-04 1.839397745953997459e-04
5.321082999999999889e-04 1.723570356331481960e-04
5.546257000000000183e-04 1.610895172605933011e-04
5.780959999999999484e-04 1.503945370816854241e-04
6.025596000000000034e-04 1.405292102490305565e-04
6.280584000000000514e-04 1.317400745126601300e-04
6.546361999999999581e-04 1.242516168614265224e-04
6.823387000000000202e-04 1.182544120256237531e-04
7.112134999999999898e-04 1.138935959316628784e-04
7.413101999999999756e-04 1.112587205597402769e-04
7.726805999999999692e-04 1.103760732689970994e-04
8.053783999999999596e-04 1.112046426517395646e-04
8.394599999999999892e-04 1.136367990863455221e-04
8.749838000000000234e-04 1.175045538358134652e-04
9.120108000000000468e-04 1.225917378392594635e-04
9.506048000000000232e-04 1.286519089643522714e-04
9.908319000000000501e-04 1.354308299721204321e-04
1.032761000000000096e-03 1.426914820933104149e-04
1.076464999999999974e-03 1.502385917249976889e-04
1.122018000000000017e-03 1.579390344776591514e-04
1.169499000000000059e-03 1.657342998204447122e-04
1.218990000000000091e-03 1.736419254826053330e-04
1.270574000000000009e-03 1.817442501281314640e-04
1.324342000000000054e-03 1.901652922076728597e-04
1.380383999999999908e-03 1.990396527438334886e-04
1.438798999999999937e-03 2.084800752434643552e-04
1.499684999999999950e-03 2.185520326034495666e-04
1.563148000000000098e-03 2.292630587903162062e-04
1.629295999999999913e-03 2.405706962395027463e-04
1.698244000000000012e-03 2.524073198399603545e-04
1.770108999999999962e-03 2.647131925113314454e-04
1.845014999999999980e-03 2.774640224743896979e-04
1.923091999999999944e-03 2.906808395649242301e-04
2.004472000000000198e-03 3.044170270587494699e-04
2.089296000000000035e-03 3.187285919962771965e-04
2.177709999999999802e-03 3.336444119499637441e-04
2.269864999999999817e-03 3.491542783731864386e-04
2.365920000000000089e-03 3.652221161727055776e-04
2.466039000000000165e-03 3.818140232924371121e-04
2.570395999999999966e-03 3.989187850173548907e-04
2.679168000000000001e-03 4.165434149128762593e-04
2.792544000000000103e-03 4.346876795490353228e-04
2.910717000000000165e-03 4.533224925149938298e-04
3.033890999999999932e-03 4.723936672141545198e-04
3.162278000000000137e-03 4.918439007437008185e-04
3.296097000000000003e-03 5.116241045931623843e-04
3.435578999999999803e-03 5.316782257083037732e-04
3.580963999999999849e-03 5.519235043117917162e-04
3.732501999999999955e-03 5.722534539212342569e-04
3.890451000000000065e-03 5.925540670055653948e-04
4.055084999999999940e-03 6.127018339025878252e-04
4.226686000000000332e-03 6.325469471618808256e-04
4.405548999999999923e-03 6.519129071376538820e-04
4.591979999999999847e-03 6.706079252791066281e-04
4.786300999999999750e-03 6.884192939766841518e-04
4.988845000000000432e-03 7.051049976270277716e-04
5.199959999999999999e-03 7.204012965149751875e-04
5.420008999999999938e-03 7.340244925731867790e-04
5.649369999999999913e-03 7.456660240451210096e-04
5.888436999999999838e-03 7.550002856297400493e-04
6.137619999999999881e-03 7.616880387193618665e-04
6.397347999999999750e-03 7.653793898719425150e-04
6.668068000000000085e-03 7.657249747100462528e-04
6.950243000000000046e-03 7.623827303683358312e-04
7.244360000000000036e-03 7.550315803996060634e-04
7.550921999999999842e-03 7.433848566466839643e-04
7.870458000000000315e-03 7.272069580585604261e-04
8.203514999999999766e-03 7.063329221342188637e-04
8.550666999999999643e-03 6.806881324439615450e-04
8.912509000000000750e-03 6.503101857529960733e-04
9.289663999999999561e-03 6.153706029321872077e-04
9.682779000000000733e-03 5.761942860022225893e-04
1.009253000000000060e-02 5.332760476930945449e-04
1.051962000000000036e-02 4.872908179057099890e-04
1.096478000000000036e-02 4.390951005555618933e-04
1.142877999999999949e-02 3.897170665555532059e-04
1.191241999999999995e-02 3.403316470964309415e-04
1.241652000000000033e-02 2.922191778455355822e-04
1.294196000000000062e-02 2.467055805490164701e-04
1.348963000000000072e-02 2.050847703177087532e-04
1.406048000000000020e-02 1.685261534146392608e-04
1.465548000000000024e-02 1.379729248903343902e-04
1.527565999999999993e-02 1.140406182953564276e-04
1.592208999999999985e-02 9.692864697940257871e-05
1.659586999999999868e-02 8.636016234524676312e-05
1.729815999999999993e-02 8.156643197866872180e-05
1.803017999999999982e-02 8.132989749776576953e-05
1.879317000000000140e-02 8.409418369267786101e-05
1.958845000000000031e-02 8.813903999292531692e-05
2.041737999999999886e-02 9.180431192004330585e-05
2.128139000000000072e-02 9.373118459267288098e-05
2.218196000000000057e-02 9.307513630697303200e-05
2.312064999999999954e-02 8.963849086347682989e-05
2.409905000000000033e-02 8.387653028966465904e-05
2.511885999999999980e-02 7.675392672559051485e-05
2.618182999999999969e-02 6.946686815491438739e-05
2.728977999999999959e-02 6.309308517641191755e-05
2.844460999999999865e-02 5.827140752974034626e-05
2.964831000000000064e-02 5.502456854630139468e-05
3.090294999999999848e-02 5.280660638441960793e-05
3.221069000000000015e-02 5.077780290415216587e-05
3.357376000000000110e-02 4.820784252724247937e-05
3.499452000000000118e-02 4.482888282331721509e-05
3.647539000000000337e-02 4.095822180172562356e-05
3.801894000000000107e-02 3.731195078528130562e-05
3.962779999999999775e-02 3.460276719699903654e-05
4.130475000000000119e-02 3.315887324764805083e-05
4.305265999999999954e-02 3.280389066903015120e-05
4.487453999999999749e-02 3.306301387829217026e-05
4.677350999999999731e-02 3.351360497756136281e-05
4.875285000000000035e-02 3.398298163847229142e-05
5.081593999999999695e-02 3.444438344390888526e-05
5.296634000000000064e-02 3.476724848914950535e-05
5.520773999999999820e-02 3.463541547995321993e-05
5.754399000000000319e-02 3.375829653595766543e-05
5.997911000000000215e-02 3.215213581933283105e-05
6.251726999999999979e-02 3.018121917491674235e-05
6.516283999999999965e-02 2.834452345196274939e-05
6.792035999999999907e-02 2.706828833968603299e-05
7.079457999999999585e-02 2.663590401519771365e-05
7.379041999999999546e-02 2.711007034593298324e-05
7.691304000000000196e-02 2.818536373246925933e-05
8.016781000000000601e-02 2.920074910360501502e-05
8.356030000000000402e-02 2.946098421479977718e-05
8.709635999999999767e-02 2.865298886660814508e-05
9.078205000000000302e-02 2.707608600145873460e-05
9.462371999999999450e-02 2.556452772028434256e-05
9.862795000000000589e-02 2.502912531034691114e-05
1.028016000000000069e-01 2.576261307250580194e-05
1.071518999999999944e-01 2.706169947199095900e-05
1.116863000000000022e-01 2.766208965003373496e-05
1.164126000000000050e-01 2.683454802702954636e-05
1.213388999999999995e-01 2.523371287225153195e-05
1.264735999999999916e-01 2.442822311528526063e-05
1.318256999999999901e-01 2.519591706726728782e-05
1.374042000000000041e-01 2.639925972921354860e-05
1.432188000000000072e-01 2.623879397149040971e-05
1.492794000000000065e-01 2.480398578576105786e-05
1.555966000000000016e-01 2.421336401054982498e-05
1.621809999999999918e-01 2.531103107804596157e-05
1.690441000000000027e-01 2.594197328895496237e-05
1.761976000000000098e-01 2.470924792024582916e-05
1.836538000000000059e-01 2.396777313622577520e-05
1.914256000000000013e-01 2.515335958951371136e-05
1.995261999999999869e-01 2.535688077216308135e-05
2.079697000000000073e-01 2.399148844673428988e-05
2.167704000000000020e-01 2.446888203087763358e-05
2.259435999999999944e-01 2.521814147385521867e-05
2.355048999999999892e-01 2.394938454176514722e-05
2.454708999999999919e-01 2.445904742306553633e-05
2.558585999999999916e-01 2.490714932711361236e-05
2.666858999999999758e-01 2.375069265262860381e-05
2.779712999999999767e-01 2.485207510846506636e-05
2.897344000000000031e-01 2.408345303581067479e-05
3.019952000000000192e-01 2.434852336614129966e-05
3.147748000000000212e-01 2.440549899513226018e-05
3.280952999999999786e-01 2.408756254205148632e-05
3.419793999999999889e-01 2.447570825789326731e-05
3.564511000000000207e-01 2.410344259745117777e-05
3.715352000000000099e-01 2.429456449792382638e-05
3.872575999999999796e-01 2.438256207915473969e-05
4.036453999999999875e-01 2.392769166398925272e-05
4.207266000000000061e-01 2.467352261399340102e-05
4.385306999999999955e-01 2.395677125636862094e-05
4.570882000000000001e-01 2.417222049010888608e-05
4.764309999999999934e-01 2.464039818214553803e-05
4.965922999999999865e-01 2.412654299269949870e-05
5.176068000000000335e-01 2.393455402306422300e-05
5.395105999999999513e-01 2.434535113424146608e-05
5.623413000000000439e-01 2.462122150883595920e-05
5.861382000000000536e-01 2.453255451690876485e-05
6.109419999999999851e-01 2.432044286093079281e-05
6.367954999999999588e-01 2.416768134799627684e-05
6.637431000000000303e-01 2.410564942415058530e-05
6.918309999999999738e-01 2.411198937655572913e-05
7.211075000000000124e-01 2.418593172089788271e-05
7.516228999999999827e-01 2.434913765317847455e-05
7.834295999999999482e-01 2.455214728081545422e-05
8.165824000000000416e-01 2.455328856182617428e-05
8.511379999999999502e-01 2.416861382413059586e-05
8.871559999999999446e-01 2.403963050153652060e-05
9.246982000000000257e-01 2.455342280282482857e-05
9.638290000000000468e-01 2.410705846460699405e-05
1.004615999999999953e+00 2.430864867353854051e-05
1.047128999999999976e+00 2.412594245536021014e-05
1.091439999999999966e+00 2.444426584861128133e-05
1.137626999999999944e+00 2.381216409738307334e-05
1.185769000000000073e+00 2.418785236064820900e-05
1.235946999999999907e+00 2.454518994888201840e-05
1.288249999999999895e+00 2.443624862007454112e-05
1.342764999999999986e+00 2.427321660297583007e-05
1.399586999999999914e+00 2.434934246799905498e-05
1.458814000000000055e+00 2.479944271711247915e-05
1.520548000000000011e+00 2.503390785694048509e-05
1.584893000000000107e+00 2.287224603447217435e-05
1.651961999999999930e+00 2.146193792306794719e-05
1.721869000000000094e+00 2.774904696877641063e-05
1.794734000000000052e+00 2.228060982152266223e-05
1.870681999999999956e+00 2.091646094374197107e-05
1.949845000000000050e+00 2.602910939092409847e-05
2.032357000000000191e+00 2.565842753562643623e-05
2.118361000000000161e+00 2.118992454314008142e-05
2.208004999999999995e+00 2.172398960769879452e-05
2.301442000000000210e+00 2.495320476253219962e-05
2.398833000000000215e+00 2.502206656277516065e-05
2.500344999999999818e+00 2.140291207951889829e-05
2.606154000000000082e+00 2.069179912595207259e-05
2.716438999999999826e+00 2.286896192513980085e-05
2.831392000000000131e+00 2.427811978770661648e-05
2.951208999999999971e+00 2.318052707838732572e-05
3.076096999999999859e+00 2.220325878750583980e-05
3.206268999999999814e+00 1.926376061671547049e-05
3.341950000000000198e+00 2.198275381987068816e-05
3.483372999999999831e+00 2.424898607390325479e-05
3.630780999999999814e+00 2.108999676448157910e-05
3.784425999999999846e+00 2.438084029091138356e-05
3.944573000000000107e+00 1.966744650652669512e-05
4.111496999999999957e+00 2.110169379464289129e-05
4.285485000000000433e+00 1.897639413990901981e-05
4.466835999999999807e+00 2.139360287327291335e-05
4.655860999999999805e+00 1.998319284159520256e-05
4.852884999999999671e+00 2.198582346427381361e-05
5.058246999999999716e+00 1.914838386594355207e-05
5.272299000000000291e+00 2.110954572007784478e-05
5.495409000000000432e+00 1.798932307605457701e-05
5.727960000000000385e+00 1.840840067476505151e-05
5.970353000000000243e+00 2.010567619869424165e-05
6.223003000000000284e+00 1.890817315042697563e-05
6.486343999999999888e+00 1.895385609428438379e-05
6.760830000000000339e+00 1.748050239513212367e-05
7.046930999999999834e+00 1.860782725628758435e-05
7.345138999999999641e+00 2.037693639950639621e-05
7.655966000000000271e+00 1.842078100666994357e-05
7.979947000000000124e+00 1.808656675403671303e-05
8.317638000000000531e+00 1.717160561829542042e-05
8.669619000000000852e+00 1.660541766049218414e-05
9.036495000000000388e+00 1.856111130873627999e-05
9.418896000000000157e+00 1.513525550955152690e-05
9.817479000000000511e+00 1.713091971480941781e-05
1.023292999999999964e+01 1.698605228339220813e-05
1.066596000000000011e+01 1.746271118716807901e-05
1.111731999999999942e+01 1.483299075990327694e-05
1.158777000000000079e+01 1.535986436038651510e-05
1.207813999999999943e+01 1.522409494101115863e-05
1.258924999999999983e+01 1.514154458587682569e-05
1.312199999999999989e+01 1.586214573909686514e-05
1.367728999999999928e+01 1.433173591852458402e-05
1.425608000000000075e+01 1.471165675369500179e-05
1.485936000000000057e+01 1.473970765239117411e-05
1.548817000000000021e+01 1.413965608531086041e-05
1.614358999999999966e+01 1.306380691963370979e-05
1.682674000000000092e+01 1.388378154217652687e-05
1.753881000000000157e+01 1.326260512064133504e-05
1.828099999999999881e+01 1.335046647418581240e-05
1.905461000000000027e+01 1.382458709069989922e-05
1.986094999999999899e+01 1.366720949646562748e-05
2.070140999999999920e+01 1.200833579464439716e-05
2.157743999999999929e+01 1.245308700707200397e-05
2.249054999999999893e+01 1.260744373932090366e-05
2.344228999999999985e+01 1.185977816109905565e-05
2.443430999999999997e+01 1.188619824840538087e-05
2.546829999999999927e+01 1.003002844142290305e-05
2.654606000000000066e+01 1.192193208444845912e-05
2.766941999999999879e+01 1.184975828686780062e-05
2.884031999999999840e+01 1.049644845572693395e-05
3.006075999999999837e+01 1.060223512994996922e-05
3.133286000000000016e+01 1.063488767624370176e-05
3.265878000000000014e+01 9.802647010215390341e-06
3.404081999999999653e+01 9.810907628396740585e-06
3.548134000000000299e+01 9.413483242239690569e-06
3.698281999999999670e+01 1.013944645445497614e-05
3.854784000000000077e+01 9.114718259036990364e-06
4.017907999999999902e+01 9.186239703502125316e-06
4.187935999999999837e+01 9.266954243442038219e-06
4.365158000000000271e+01 8.820299436757778684e-06
4.549880999999999887e+01 8.254018338523915616e-06
4.742419999999999902e+01 8.477398746377557987e-06
4.943106999999999829e+01 7.586725073596203975e-06
5.152286000000000143e+01 7.942767272763283698e-06
5.370318000000000325e+01 8.145318980501161014e-06
5.597576000000000107e+01 7.557871679578237585e-06
5.834450999999999965e+01 8.234449619025087410e-06
6.081349999999999767e+01 8.373775420298067897e-06
6.338696999999999804e+01 7.466968893250528166e-06
6.606933999999999685e+01 6.618352295726508082e-06
6.886522999999999683e+01 6.776475941294783680e-06
7.177943000000000495e+01 6.226642643441651894e-06
7.481695000000000562e+01 6.929778532532599673e-06
7.798300999999999306e+01 5.630015018258416562e-06
8.128305000000000291e+01 6.949706459476395428e-06
8.472274000000000171e+01 6.294647857822233632e-06
8.830799000000000376e+01 6.107816316579222827e-06
9.204496000000000322e+01 5.364089037587737487e-06
9.594006000000000256e+01 5.488083395795352958e-06
1.000000000000000000e+02 6.116791759859778143e-06
1.042317000000000036e+02 5.853807348954385632e-06
1.086426000000000016e+02 4.589555138997292955e-06
1.132399999999999949e+02 4.962772588661792169e-06
1.180320999999999998e+02 5.666187169663170468e-06
1.230268999999999977e+02 5.143701351566444719e-06
1.282331000000000074e+02 4.605000481904624736e-06
1.336596000000000117e+02 4.707957589804561724e-06
1.393156999999999925e+02 4.623707378892093155e-06
1.452111999999999910e+02 4.657205334227278566e-06
1.513560999999999979e+02 4.272975745925153103e-06
1.577610999999999990e+02 4.581752091098090515e-06
1.644371999999999900e+02 4.152118326408494564e-06
1.713957000000000050e+02 4.222853182699736082e-06
1.786487999999999943e+02 4.177157224164530484e-06
1.862086999999999932e+02 3.948309830504399056e-06
1.940886000000000138e+02 3.565974020981781092e-06
2.023018999999999892e+02 3.842977778046951835e-06
2.108627999999999929e+02 3.159603724205557273e-06
2.197860000000000014e+02 3.203110048650561017e-06
2.290868000000000109e+02 3.146785117866274357e-06
2.387811000000000092e+02 3.522590170418489837e-06
2.488857000000000141e+02 2.842580859013702690e-06
2.594178999999999746e+02 3.175997790083715642e-06
2.703958000000000084e+02 3.116775924518901567e-06
2.818383000000000038e+02 2.864581658730085462e-06
2.937649999999999864e+02 3.017080918504119185e-06
3.061963000000000079e+02 2.602341093969158094e-06
3.191537999999999897e+02 2.988629649846088868e-06
3.326596000000000117e+02 2.443404000453057045e-06
3.467368999999999915e+02 2.709388611032653260e-06
3.614098999999999933e+02 2.569915889186516750e-06
3.767038000000000011e+02 2.451216532621538981e-06
3.926449000000000069e+02 2.028733810962331693e-06
4.092606999999999857e+02 2.416259829457702644e-06
4.265794999999999959e+02 2.209119180955463608e-06
4.446313000000000102e+02 2.073294348511589214e-06
4.634469000000000278e+02 1.910061754170912298e-06
4.830588000000000193e+02 1.837501199788438587e-06
5.035006000000000199e+02 2.004893549615086803e-06
5.248075000000000045e+02 2.178407318696019938e-06
5.470159999999999627e+02 1.774280204197419533e-06
5.701643000000000256e+02 1.696699143875017600e-06
5.942921999999999798e+02 1.811658259025431789e-06
6.194411000000000058e+02 1.672315466818817062e-06
6.456541999999999462e+02 1.814758228716628476e-06
6.729767000000000507e+02 1.666482101903808536e-06
7.014552999999999656e+02 1.653424338851686445e-06
7.311390999999999849e+02 1.624384714936399468e-06
7.620789999999999509e+02 1.570545500192994683e-06
7.943282000000000380e+02 1.335276538404611934e-06
8.279421999999999571e+02 1.481711103738107556e-06
8.629785000000000537e+02 1.201532660849515972e-06
8.994976000000000340e+02 1.232334806230194003e-06
9.375620000000000118e+02 1.223517802599895846e-06
9.772372000000000298e+02 1.223001812783704094e-06
1.018591000000000008e+03 1.074431701149906140e-06
1.061695999999999913e+03 1.137758988653330938e-06
1.106624000000000024e+03 1.102669295369766460e-06
1.153452999999999975e+03 1.179402013079218421e-06
1.202263999999999896e+03 9.415034514783827465e-07
1.253141000000000076e+03 1.022625456800398675e-06
1.306171000000000049e+03 1.019731023795550435e-06
1.361444999999999936e+03 8.987803296695933961e-07
1.419057999999999993e+03 8.181816694922808888e-07
1.479107999999999947e+03 8.898810568625179180e-07
1.541700000000000045e+03 7.905415934522824455e-07
1.606941000000000031e+03 8.339862560873662503e-07
1.674942999999999984e+03 7.606575215222294192e-07
1.745821999999999889e+03 7.413545344464829652e-07
1.819701000000000022e+03 5.926618057170153990e-07
1.896705999999999904e+03 6.664537615745317278e-07
1.976970000000000027e+03 6.652454151944154445e-07
2.060630000000000109e+03 5.968817656202076672e-07
2.147829999999999927e+03 6.025640599102795447e-07
2.238721000000000004e+03 5.830854608265594834e-07
2.333458000000000084e+03 5.715091997221230828e-07
2.432204000000000178e+03 5.704617249464727569e-07
2.535128999999999905e+03 4.813545632886951801e-07
2.642409000000000106e+03 5.163434292382205266e-07
2.754228999999999814e+03 4.442560873782759963e-07
2.870780999999999949e+03 4.076574813431688935e-07
2.992264999999999873e+03 4.309631135682686393e-07
3.118889999999999873e+03 4.462854989255283199e-07
3.250873000000000047e+03 4.056952576981442354e-07
3.388442000000000007e+03 3.551458714435339842e-07
3.531831999999999880e+03 3.996002824519366214e-07
3.681289999999999964e+03 3.414614737490133795e-07
3.837072000000000116e+03 3.008297955851422965e-07
3.999447000000000116e+03 3.333562986648592748e-07
4.168694000000000415e+03 2.997811016018776558e-07
4.345101999999999862e+03 2.443183665898170018e-07
4.528975999999999658e+03 2.863623144587204941e-07
4.720630000000000109e+03 2.588504804354787089e-07
4.920395000000000437e+03 2.893623838577042987e-07
5.128613999999999578e+03 2.218729412796694362e-07
5.345644000000000233e+03 2.283275559319001481e-07
5.571856999999999971e+03 2.672779741014411996e-07
5.807644000000000233e+03 1.904757925424354832e-07
6.053408999999999651e+03 1.887868191190102072e-07
6.309573000000000320e+03 2.164900661483916784e-07
6.576578000000000429e+03 2.285022500675787475e-07
6.854881999999999607e+03 1.839347762783844393e-07
7.144962999999999738e+03 1.676331205837188737e-07
7.447319999999999709e+03 1.521054335335365047e-07
7.762470999999999549e+03 1.580716602133589951e-07
8.090958999999999833e+03 1.501185827612412299e-07
8.433347999999999956e+03 1.425282253610860556e-07
8.790225000000000364e+03 1.495272017749049955e-07
9.162204999999999927e+03 1.308628081794155446e-07
9.549925999999999476e+03 1.164700523649123684e-07
9.954054000000000087e+03 1.225813159851497513e-07
1.037528000000000065e+04 1.109007239520356472e-07
1.081434000000000015e+04 1.134496389280040797e-07
1.127196999999999935e+04 9.540632717237427110e-08
1.174897999999999956e+04 9.737592042185291304e-08
1.224615999999999985e+04 1.044410108621569573e-07
1.276438999999999942e+04 9.508922497518104221e-08
1.330454000000000087e+04 9.062785650798830639e-08
1.386755999999999949e+04 7.851682892709820621e-08
1.445439999999999964e+04 7.575699170849689886e-08
1.506606999999999971e+04 7.665013904096095436e-08
1.570362999999999920e+04 7.102888670258867388e-08
1.636817000000000007e+04 6.458907469368440904e-08
1.706081999999999971e+04 6.122392068972691876e-08
1.778279000000000087e+04 5.362025620768473816e-08
1.853531999999999971e+04 5.477374599974888426e-08
1.931968000000000029e+04 5.105996321991362892e-08
2.013724000000000160e+04 5.192236799851050398e-08
2.098940000000000146e+04 5.236857656494488435e-08
2.187761999999999898e+04 4.626494025816652192e-08
2.280341999999999825e+04 3.684269914792416079e-08
2.376840000000000146e+04 4.155154489038613895e-08
2.477422000000000116e+04 3.888291142149342105e-08
2.582259999999999854e+04 3.616250899256850676e-08
2.691534999999999854e+04 3.386972564533260455e-08
2.805434000000000015e+04 3.420532511442409458e-08
2.924152000000000044e+04 2.955020241578458626e-08
3.047895000000000073e+04 3.310219221754185309e-08
3.176874000000000160e+04 2.654620607107802639e-08
3.311311000000000058e+04 3.178144963803286084e-08
3.451437000000000262e+04 2.304213914374402573e-08
3.597493000000000029e+04 2.322113353447716370e-08
3.749730000000000291e+04 2.335087684091927384e-08
3.908408999999999651e+04 1.988752501139165340e-08
4.073802999999999884e+04 2.184497029841573425e-08
4.246195999999999913e+04 1.943615287136326551e-08
4.425883999999999651e+04 1.970456804418844628e-08
4.613176000000000204e+04 1.788151351679554799e-08
4.808393000000000029e+04 1.588242008600707142e-08
5.011872000000000116e+04 1.412967959662046947e-08
5.223962000000000262e+04 1.264217129457849778e-08
5.445026999999999680e+04 1.562267238650728640e-08
5.675445999999999913e+04 1.455718138254181799e-08
5.915616000000000349e+04 1.229804859844514624e-08
6.165950000000000000e+04 1.209741143011166510e-08
6.426876999999999680e+04 1.076951240681202912e-08
6.698846000000000640e+04 1.055951834320891608e-08
6.982324000000000524e+04 1.139524803354846052e-08
7.277797999999999593e+04 8.923628199703209221e-09
7.585775999999999476e+04 9.077688133903668438e-09
7.906786000000000058e+04 8.254517402525471897e-09
8.241380999999999767e+04 7.602324650532316470e-09
8.590135000000000582e+04 7.402510549456082094e-09
8.953647999999999593e+04 7.361290426740995214e-09
9.332542999999999302e+04 6.033370243351261097e-09
9.727472000000000116e+04 5.473663712749052959e-09
1.013911000000000058e+05 6.125875721151106511e-09
1.056818000000000029e+05 5.727362888887852162e-09
1.101538999999999942e+05 4.511906022250132723e-09
1.148153999999999942e+05 5.340557720489558355e-09
1.196741000000000058e+05 4.585361537544248629e-09
1.247383999999999942e+05 4.668816387449776384e-09
1.300170000000000000e+05 4.287769796459975836e-09
1.355188999999999942e+05 4.295502534712976315e-09
1.412537999999999884e+05 3.818031332585156371e-09
1.472312999999999884e+05 3.568895556991537931e-09
1.534617000000000116e+05 3.472131866573945226e-09
1.599557999999999884e+05 2.891201702942887998e-09
1.667247000000000116e+05 2.778136453803695530e-09
1.737801000000000058e+05 2.876402533339386049e-09
1.811340000000000000e+05 2.723585357265491556e-09
1.887991000000000058e+05 2.620203376326475050e-09
1.967886000000000058e+05 2.489669370995882891e-09
2.051162000000000116e+05 2.429689620206695969e-09
2.137962000000000116e+05 2.289928060668218639e-09
2.228435000000000000e+05 1.992993601678127438e-09
2.322737000000000116e+05 1.942018340739458448e-09
2.421028999999999942e+05 1.696890532431685391e-09
2.523481000000000058e+05 1.814380738578105770e-09
2.630267999999999884e+05 1.431928255174909635e-09
2.741574000000000233e+05 1.519365823657490632e-09
2.857590999999999767e+05 1.441097542054932658e-09
2.978515999999999767e+05 1.278217345964672732e-09
3.104560000000000000e+05 1.388437378476614891e-09
3.235937000000000116e+05 1.265312628883128513e-09
3.372872999999999884e+05 1.191766597506334654e-09
3.515604000000000233e+05 1.157550157358659367e-09
3.664375999999999767e+05 9.991881618961242110e-10
3.819442999999999884e+05 9.314583527540780990e-10
3.981072000000000116e+05 9.195410722798345906e-10
4.149540000000000000e+05 7.770279083096253468e-10
4.325137999999999884e+05 8.403724872283974495e-10
4.508167000000000116e+05 8.114212665129514176e-10
4.698940999999999767e+05 7.030270249627414938e-10
4.897787999999999884e+05 7.205781035476492499e-10
5.105050000000000000e+05 6.119272980512910444e-10
5.321083000000000466e+05 5.957370050018844715e-10
5.546256999999999534e+05 5.659334526237928037e-10
5.780960000000000000e+05 5.008978350698463758e-10
6.025595999999999767e+05 5.184404305065259848e-10
6.280584000000000233e+05 4.129008607275112901e-10
6.546361999999999534e+05 3.869418619316929881e-10
6.823386999999999534e+05 3.946683551167658035e-10
7.112135000000000000e+05 3.716567888940465003e-10
7.413101999999999534e+05 3.672782989612462564e-10
7.726805999999999767e+05 3.579492468064003167e-10
8.053784000000000233e+05 3.084666552923726325e-10
8.394600000000000000e+05 3.381291080957961246e-10
8.749838000000000466e+05 2.848140457956837967e-10
9.120108000000000466e+05 2.730912267778714011e-10
9.506048000000000466e+05 2.589999035312940616e-10
9.908319000000000233e+05 2.340581600821808995e-10
1.032761000000000000e+06 2.362687910183731633e-10
1.076465000000000000e+06 2.196022012053256090e-10
1.122018000000000000e+06 1.996307014063846299e-10
1.169499000000000000e+06 1.984547041244473570e-10
1.218990000000000000e+06 1.736464835342879340e-10
1.270574000000000000e+06 1.886841358327011422e-10
1.324342000000000000e+06 1.620216746512512614e-10
1.380384000000000000e+06 1.419029048493363272e-10
1.438799000000000000e+06 1.326912122981108630e-10
1.499685000000000000e+06 1.392947205616374917e-10
1.563148000000000000e+06 1.288330167312160733e-10
1.629296000000000000e+06 1.192904284873142234e-10
1.698244000000000000e+06 1.067748012393811409e-10
1.770109000000000000e+06 9.446340008603000271e-11
1.845015000000000000e+06 1.005226335714666122e-10
1.923092000000000000e+06 8.747569819831782111e-11
2.004472000000000000e+06 8.921173229762260829e-11
2.089296000000000000e+06 9.107208423682359592e-11
2.177710000000000000e+06 7.607781429526642562e-11
2.269865000000000000e+06 7.390405656479441168e-11
2.365920000000000000e+06 6.933472307190218417e-11
2.466039000000000000e+06 6.520584830446663103e-11
2.570396000000000000e+06 5.767299383918682443e-11
2.679168000000000000e+06 5.728858968199673080e-11
2.792544000000000000e+06 5.233099750445480627e-11
2.910717000000000000e+06 5.272753603817940755e-11
3.033891000000000000e+06 4.685813020700700829e-11
3.162278000000000000e+06 4.592706277185167140e-11
3.296097000000000000e+06 4.009630732169258546e-11
3.435579000000000000e+06 4.050022736283879900e-11
3.580964000000000000e+06 4.004851656043388006e-11
3.732502000000000000e+06 3.788233327205969571e-11
3.890451000000000000e+06 3.348521523437479840e-11
4.055085000000000000e+06 3.349075758730108122e-11
4.226686000000000000e+06 3.124190252600958589e-11
4.405549000000000000e+06 2.962955462458376270e-11
4.591980000000000000e+06 2.606163473532399699e-11
4.786301000000000000e+06 2.628857599123219809e-11
4.988845000000000000e+06 2.487544848650863426e-11
5.199960000000000000e+06 2.389221060390310743e-11
5.420009000000000000e+06 2.018813465566141575e-11
5.649370000000000000e+06 2.099405810829983335e-11
5.888437000000000000e+06 1.817995219014319663e-11
6.137620000000000000e+06 1.792870207513160342e-11
6.397348000000000000e+06 1.714726173113571758e-11
6.668068000000000000e+06 1.613545383920741879e-11
6.950243000000000000e+06 1.483995354577674984e-11
7.244360000000000000e+06 1.416274575644444902e-11
7.550922000000000000e+06 1.364519552875960929e-11
7.870458000000000000e+06 1.264623212492970090e-11
8.203515000000000000e+06 1.167679936369107922e-11
8.550667000000000000e+06 1.120923723980312813e-11
8.912509000000000000e+06 1.060709445817486033e-11
9.289664000000000000e+06 1.011536761299245901e-11
9.682779000000000000e+06 9.109543565781099962e-12
1.009253000000000000e+07 9.045404270630083435e-12
1.051962000000000000e+07 8.014608668608013877e-12
1.096478000000000000e+07 7.129044744748819980e-12
1.142878000000000000e+07 7.192525763200522849e-12
1.191242000000000000e+07 6.658979506507672298e-12
1.241652000000000000e+07 6.400050275663846505e-12
1.294196000000000000e+07 6.559012248076298210e-12
1.348963000000000000e+07 5.484186818741134730e-12
1.406048000000000000e+07 5.402360928543197199e-12
1.465548000000000000e+07 4.858654455729368210e-12
1.527566000000000000e+07 5.150059756970554315e-12
1.592209000000000000e+07 4.272838220134732434e-12
1.659587000000000000e+07 4.288349441434131252e-12
1.729816000000000000e+07 3.753947778950542007e-12
1.803018000000000000e+07 3.823605278665084420e-12
1.879317000000000000e+07 3.529419822337721238e-12
1.958845000000000000e+07 3.209744205108690096e-12
2.041738000000000000e+07 3.218621340207889469e-12
2.128139000000000000e+07 2.744746554764103137e-12
2.218196000000000000e+07 2.803542912646151720e-12
2.312065000000000000e+07 2.714569562290718018e-12
2.409905000000000000e+07 2.430522879371421407e-12
2.511886000000000000e+07 2.198423460258750714e-12
2.618183000000000000e+07 2.398083541213976164e-12
2.728978000000000000e+07 1.984143432901164611e-12
2.844461000000000000e+07 1.934632821393659563e-12
2.964831000000000000e+07 1.765671768233113797e-12
3.090295000000000000e+07 1.695825883908292624e-12
3.221069000000000000e+07 1.609392556905882668e-12
3.357376000000000000e+07 1.498609906475206949e-12
3.499452000000000000e+07 1.414636590235424053e-12
3.647539000000000000e+07 1.263862926514924646e-12
3.801894000000000000e+07 1.368707068176753188e-12
3.962780000000000000e+07 1.197236196868197350e-12
4.130475000000000000e+07 1.098460424581154380e-12
4.305266000000000000e+07 1.021198965677565994e-12
4.487454000000000000e+07 9.742497469891133309e-13
4.677351000000000000e+07 9.888301487880800585e-13
4.875285000000000000e+07 8.758479200156298158e-13
5.081594000000000000e+07 8.406093541442024531e-13
5.296634000000000000e+07 7.446489934218533387e-13
5.520774000000000000e+07 7.573175208392109714e-13
5.754399000000000000e+07 6.978976906877889505e-13
5.997911000000000000e+07 6.805338369488594363e-13
6.251727000000000000e+07 6.078863643867479532e-13
6.516284000000000000e+07 5.892231542501399046e-13
6.792036000000000000e+07 5.683711654617151296e-13
7.079458000000000000e+07 5.523000432565293147e-13
7.379042000000000000e+07 5.190009576738234605e-13
7.691304000000000000e+07 4.715819054827336239e-13
8.016781000000000000e+07 4.255236602893561599e-13
8.356030000000000000e+07 4.352999705176821975e-13
8.709636000000000000e+07 3.999893884402073357e-13
9.078205000000000000e+07 3.738137618129908579e-13
9.462372000000000000e+07 3.581508053270923708e-13
9.862795000000000000e+07 3.247779442907950536e-13
1.028016000000000000e+08 3.203290563769366505e-13
1.071519000000000000e+08 2.889606277362367461e-13
1.116863000000000000e+08 2.845345343448432411e-13
1.164126000000000000e+08 2.483869637586114217e-13
1.213389000000000000e+08 2.391338677515028041e-13
1.264736000000000000e+08 2.172039900547390451e-13
1.318257000000000000e+08 1.950106050510242604e-13
1.374042000000000000e+08 2.144930497875858313e-13
1.432188000000000000e+08 2.081014739372341788e-13
1.492794000000000000e+08 1.862272251071231394e-13
1.555966000000000000e+08 1.700478051054686609e-13
1.621810000000000000e+08 1.635951585918930965e-13
1.690441000000000000e+08 1.651741831933727567e-13
1.761976000000000000e+08 1.367464811128766243e-13
1.836538000000000000e+08 1.414224424861013347e-13
1.914256000000000000e+08 1.353516104397116989e-13
1.995262000000000000e+08 1.152024152545564572e-13
2.079697000000000000e+08 1.205376563642182434e-13
2.167704000000000000e+08 1.046396095948497390e-13
2.259436000000000000e+08 1.048861499573023740e-13
2.355049000000000000e+08 9.832031802821790536e-14
2.454709000000000000e+08 9.126855196479492457e-14
2.558586000000000000e+08 8.118088866860444224e-14
2.666859000000000000e+08 8.315972446244414183e-14
2.779713000000000000e+08 7.321489038688913285e-14
2.897344000000000000e+08 7.090969585670623321e-14
3.019952000000000000e+08 6.278739536598354652e-14
3.147748000000000000e+08 6.077018607905673125e-14
3.280953000000000000e+08 6.050391091186605254e-14
3.419794000000000000e+08 5.616864598175223957e-14
3.564511000000000000e+08 5.162413711405352081e-14
3.715352000000000000e+08 5.346703228906581295e-14
3.872576000000000000e+08 4.994695509427560901e-14
4.036454000000000000e+08 4.384417556031903275e-14
4.207266000000000000e+08 4.345799184789139888e-14
4.385307000000000000e+08 4.169769026076783075e-14
4.570882000000000000e+08 3.501997664557325472e-14
4.764310000000000000e+08 3.683440001243097974e-14
4.965923000000000000e+08 3.176941848330952759e-14
5.176068000000000000e+08 3.075619057450632929e-14
5.395106000000000000e+08 2.969408651527774010e-14
5.623413000000000000e+08 2.928182610858090577e-14
5.861382000000000000e+08 2.805751138636711959e-14
6.109420000000000000e+08 2.335576302590033262e-14
6.367955000000000000e+08 2.429008291675204265e-14
6.637431000000000000e+08 2.294446437331845433e-14
6.918310000000000000e+08 2.088243646186889512e-14
7.211075000000000000e+08 2.030269443235599794e-14
7.516229000000000000e+08 1.786151911034036049e-14
7.834296000000000000e+08 1.779186882091006814e-14
8.165824000000000000e+08 1.648172856332647257e-14
8.511380000000000000e+08 1.543330080077721653e-14
8.871560000000000000e+08 1.527067241961224613e-14
9.246982000000000000e+08 1.509544164633595439e-14
9.638290000000000000e+08 1.355652696571372424e-14
1.004616000000000000e+09 1.189941019395762739e-14
1.047129000000000000e+09 1.106491835429493766e-14
1.091440000000000000e+09 1.108430264503401824e-14
1.137627000000000000e+09 1.067427389788151471e-14
1.185769000000000000e+09 9.106056845876324356e-15
1.235947000000000000e+09 8.942491384826789451e-15
1.288250000000000000e+09 8.793033264898699437e-15
1.342765000000000000e+09 8.304687432232973469e-15
1.399587000000000000e+09 7.928642689124910779e-15
1.458814000000000000e+09 7.247025661976009533e-15
1.520548000000000000e+09 7.169230017616020474e-15
1.584893000000000000e+09 6.683291141892673314e-15
1.651962000000000000e+09 6.398452725172814941e-15
1.721869000000000000e+09 6.300272691269638917e-15
1.794734000000000000e+09 5.431972168647918632e-15
1.870682000000000000e+09 5.078028345449051679e-15
1.949845000000000000e+09 4.966711463506173085e-15
2.032357000000000000e+09 4.786055466365091000e-15
2.118361000000000000e+09 4.360436874426837412e-15
2.208005000000000000e+09 4.015605092915277958e-15
2.301442000000000000e+09 3.878929295782749039e-15
2.398833000000000000e+09 3.474139334432070445e-15
2.500345000000000000e+09 3.547933807730925375e-15
2.606154000000000000e+09 3.212631778503319820e-15
2.716439000000000000e+09 3.110291950051509012e-15
2.831392000000000000e+09 2.952882118640103575e-15
2.951209000000000000e+09 2.936727840284071859e-15
3.076097000000000000e+09 2.948372538198865445e-15
3.206269000000000000e+09 2.633104930001700814e-15
3.341950000000000000e+09 2.289484861353311583e-15
3.483373000000000000e+09 2.096894634307869213e-15
3.630781000000000000e+09 2.127242597113856291e-15
3.784426000000000000e+09 1.965625146170778880e-15
3.944573000000000000e+09 1.720013608159737844e-15
4.111497000000000000e+09 1.734258668370356100e-15
4.285485000000000000e+09 1.644786161606542401e-15
4.466836000000000000e+09 1.580314330383118823e-15
4.655861000000000000e+09 1.376600570587153728e-15
4.852885000000000000e+09 1.267500260173043088e-15
5.058247000000000000e+09 1.292413543040911652e-15
5.272299000000000000e+09 1.246714584309272860e-15
5.495409000000000000e+09 1.231808098099467176e-15
5.727960000000000000e+09 1.131456341671469959e-15
5.970353000000000000e+09 1.049658005274029123e-15
6.223003000000000000e+09 9.251567380575081425e-16
6.486344000000000000e+09 9.661135711851573911e-16
6.760830000000000000e+09 9.042531353054570779e-16
7.046931000000000000e+09 7.763654081652150147e-16
7.345139000000000000e+09 7.807741644200052087e-16
7.655966000000000000e+09 7.896038008068435396e-16
7.979947000000000000e+09 6.852741562323852602e-16
8.317638000000000000e+09 6.368210195098511134e-16
8.669619000000000000e+09 5.939348970426161546e-16
9.036495000000000000e+09 5.368757147303351388e-16
9.418896000000000000e+09 5.797743087549748184e-16
9.817479000000000000e+09 4.910025979810014455e-16
1.023293000000000000e+10 4.600540053733837618e-16
1.066596000000000000e+10 4.793090983309695679e-16
1.111732000000000000e+10 4.179420505839192487e-16
1.158777000000000000e+10 3.861910891334595877e-16
1.207814000000000000e+10 3.902340427653090039e-16
1.258925000000000000e+10 3.706021897484342760e-16
1.312200000000000000e+10 3.395543194473380290e-16
1.367729000000000000e+10 3.333145087622666523e-16
1.425608000000000000e+10 3.361762276386331441e-16
1.485936000000000000e+10 2.955674341465186731e-16
1.548817000000000000e+10 2.855400167933563459e-16
1.614359000000000000e+10 2.705894858540027403e-16
1.682674000000000000e+10 2.323880624759541088e-16
1.753881000000000000e+10 2.371528704647665175e-16
1.828100000000000000e+10 2.405089981369300127e-16
1.905461000000000000e+10 2.190700302004062895e-16
1.986095000000000000e+10 2.038832124741005972e-16
2.070141000000000000e+10 1.804981308099714303e-16
2.157744000000000000e+10 1.772897525790475484e-16
2.249055000000000000e+10 1.780340974150816702e-16
2.344229000000000000e+10 1.472288641594000109e-16
2.443431000000000000e+10 1.471717427826523777e-16
2.546830000000000000e+10 1.405479349377613527e-16
2.654606000000000000e+10 1.320108903048778897e-16
2.766942000000000000e+10 1.235513605778283440e-16
2.884032000000000000e+10 1.254104632842266592e-16
3.006076000000000000e+10 1.105578340696972330e-16
3.133286000000000000e+10 1.121897287580909314e-16
3.265878000000000000e+10 1.075767114250255332e-16
3.404082000000000000e+10 9.107354615903224216e-17
3.548134000000000000e+10 8.776207185373834171e-17
3.698282000000000000e+10 8.817876456666291334e-17
3.854784000000000000e+10 7.229295459463484831e-17
4.017908000000000000e+10 7.253497773398356067e-17
4.187936000000000000e+10 7.225537857135179447e-17
4.365158000000000000e+10 6.317257927069348608e-17
4.549881000000000000e+10 6.784343398737987663e-17
4.742420000000000000e+10 5.906033596417342681e-17
4.943107000000000000e+10 5.890688219989148777e-17
5.152286000000000000e+10 5.567627685174228936e-17
5.370318000000000000e+10 4.924551324210913731e-17
5.597576000000000000e+10 4.924810534700512237e-17
5.834451000000000000e+10 4.436643571780491376e-17
6.081350000000000000e+10 4.450666539224430717e-17
6.338697000000000000e+10 4.288421428223356203e-17
6.606934000000000000e+10 3.983270856955032730e-17
6.886523000000000000e+10 3.700122343907331414e-17
7.177943000000000000e+10 3.481146144412435300e-17
7.481695000000000000e+10 3.199576478194038208e-17
7.798301000000000000e+10 2.817108911196063421e-17
8.128305000000000000e+10 2.853780494937526884e-17
8.472274000000000000e+10 2.892603181165982074e-17
8.830799000000000000e+10 2.672221538666306450e-17
9.204496000000000000e+10 2.384168432357450709e-17
9.594006000000000000e+10 2.517790671896462971e-17
