# k [1/Mpc], Window(k) [Mpc]
9.999999999999999547e-08 6.883904214053788758e-10
1.042317000000000002e-07 7.402714900377301769e-10
1.086425999999999937e-07 7.960705785640317458e-10
1.132400000000000002e-07 8.560979012913662724e-10
1.180320999999999998e-07 9.206902867425457921e-10
1.230268999999999884e-07 9.902136313976323579e-10
1.282330999999999997e-07 1.065065561622085046e-09
1.336595999999999986e-07 1.145678211302597092e-09
1.393156999999999986e-07 1.232521945526889730e-09
1.452112000000000000e-07 1.326108367978941815e-09
1.513560999999999877e-07 1.426994513377863046e-09
1.577610999999999978e-07 1.535787159091392237e-09
1.644371999999999896e-07 1.653147271872574637e-09
1.713957000000000053e-07 1.779795401174774704e-09
1.786487999999999897e-07 1.916517215748549254e-09
1.862086999999999937e-07 2.064169687244687003e-09
1.940885999999999900e-07 2.223687866097941748e-09
2.023018999999999886e-07 2.396092434574918020e-09
2.108627999999999895e-07 2.582497574476259612e-09
2.197860000000000068e-07 2.784120052121778772e-09
2.290868000000000076e-07 3.002289326618068440e-09
2.387810999999999914e-07 3.238457638176252694e-09
2.488857000000000195e-07 3.494212118382237388e-09
2.594178999999999820e-07 3.771287708164657494e-09
2.703957999999999972e-07 4.071580863111766839e-09
2.818383000000000151e-07 4.397165405944567601e-09
2.937649999999999839e-07 4.750308798338728030e-09
3.061963000000000007e-07 5.133490927188210469e-09
3.191538000000000160e-07 5.549424106329067525e-09
3.326595999999999939e-07 6.001075420490826631e-09
3.467369000000000242e-07 6.491689801928260459e-09
3.614099000000000128e-07 7.024817259352694299e-09
3.767037999999999986e-07 7.604340881889754924e-09
3.926448999999999877e-07 8.234508211224509396e-09
4.092606999999999981e-07 8.919965791979797883e-09
4.265794999999999851e-07 9.665795317770438155e-09
4.446312999999999827e-07 1.047755563062164911e-08
4.634469000000000152e-07 1.136132508841071260e-08
4.830588000000000268e-07 1.232375120732710810e-08
5.035005999999999816e-07 1.337210259180289839e-08
5.248075000000000359e-07 1.451432501043232860e-08
5.470160000000000326e-07 1.575910503831949202e-08
5.701643000000000520e-07 1.711593589682540682e-08
5.942922000000000493e-07 1.859519205675074796e-08
6.194410999999999602e-07 2.020820751350281327e-08
6.456542000000000032e-07 2.196736376195554919e-08
6.729767000000000284e-07 2.388618239984828004e-08
7.014553000000000330e-07 2.597942754097696204e-08
7.311391000000000384e-07 2.826321698434034543e-08
7.620790000000000307e-07 3.075513825464933573e-08
7.943281999999999752e-07 3.347438624058481591e-08
8.279422000000000272e-07 3.644189302242416362e-08
8.629784999999999742e-07 3.968048814433187841e-08
8.994976000000000037e-07 4.321505781006440783e-08
9.375620000000000411e-07 4.707272895348527539e-08
9.772371999999999886e-07 5.128305145262578300e-08
1.018591000000000045e-06 5.587821229498817122e-08
1.061696000000000033e-06 6.089326214013068121e-08
1.106623999999999944e-06 6.636634046675382895e-08
1.153453000000000025e-06 7.233895893530868611e-08
1.202263999999999972e-06 7.885625867238581560e-08
1.253140999999999985e-06 8.596733051811465910e-08
1.306170999999999924e-06 9.372552075986459557e-08
1.361444999999999973e-06 1.021887922401571365e-07
1.419058000000000000e-06 1.114200943406329742e-07
1.479107999999999959e-06 1.214877624221570578e-07
1.541699999999999995e-06 1.324659448469219315e-07
1.606941000000000095e-06 1.444350784368698432e-07
1.674942999999999965e-06 1.574823693381003432e-07
1.745822000000000054e-06 1.717022967769587052e-07
1.819700999999999944e-06 1.871972448137348020e-07
1.896705999999999938e-06 2.040780470496124348e-07
1.976969999999999895e-06 2.224646325133376893e-07
2.060630000000000208e-06 2.424867307870778834e-07
2.147829999999999983e-06 2.642846129935295545e-07
2.238721000000000211e-06 2.880098277241570049e-07
2.333457999999999877e-06 3.138260510294542144e-07
2.432203999999999880e-06 3.419099827366611230e-07
2.535128999999999830e-06 3.724522117366937801e-07
2.642408999999999928e-06 4.056582827220205812e-07
2.754228999999999986e-06 4.417496433086951461e-07
2.870780999999999798e-06 4.809648635585482941e-07
2.992264999999999802e-06 5.235606512747048982e-07
3.118890000000000051e-06 5.698131984583454612e-07
3.250872999999999969e-06 6.200193850736003952e-07
3.388441999999999922e-06 6.744981780049494447e-07
3.531831999999999832e-06 7.335920297241434432e-07
3.681289999999999952e-06 7.976683165865957809e-07
3.837072000000000148e-06 8.671210132026993455e-07
3.999446999999999589e-06 9.423721569795815064e-07
4.168693999999999834e-06 1.023873605365278429e-06
4.345101999999999755e-06 1.112108844006526613e-06
4.528976000000000360e-06 1.207594623656213964e-06
4.720629999999999728e-06 1.310883103131722546e-06
4.920395000000000008e-06 1.422563373903054390e-06
5.128614000000000293e-06 1.543264017461824309e-06
5.345643999999999636e-06 1.673654655884601088e-06
5.571856999999999837e-06 1.814448226403333553e-06
5.807643999999999617e-06 1.966403219923657516e-06
6.053408999999999965e-06 2.130325657931812012e-06
6.309573000000000008e-06 2.307071418138685744e-06
6.576577999999999665e-06 2.497548562778175090e-06
6.854882000000000144e-06 2.702719335717812903e-06
7.144962999999999815e-06 2.923602681544360691e-06
7.447320000000000383e-06 3.161276136979935336e-06
7.762470999999999629e-06 3.416878637609860930e-06
8.090959000000000473e-06 3.691612010839765079e-06
8.433348000000000694e-06 3.986743564731750428e-06
8.790224999999999344e-06 4.303608163530447436e-06
9.162205000000000482e-06 4.643610449808141425e-06
9.549925999999999272e-06 5.008226462080503948e-06
9.954053999999999276e-06 5.399005360150602735e-06
1.037528000000000072e-05 5.817571765478112793e-06
1.081434000000000021e-05 6.265627129198616770e-06
1.127196999999999942e-05 6.744950741343420765e-06
1.174898000000000080e-05 7.257402072821847337e-06
1.224616000000000033e-05 7.804921348017773667e-06
1.276439000000000028e-05 8.389530154223105731e-06
1.330454000000000052e-05 9.013332767720459672e-06
1.386755999999999975e-05 9.678517480773858245e-06
1.445440000000000005e-05 1.038735500951626448e-05
1.506606999999999922e-05 1.114220086465282648e-05
1.570362999999999859e-05 1.194549347291801034e-05
1.636817000000000155e-05 1.279975539983372133e-05
1.706081999999999906e-05 1.370759134189657134e-05
1.778279000000000123e-05 1.467168901065906809e-05
1.853531999999999993e-05 1.569481597063169872e-05
1.931967999999999931e-05 1.677982249102323264e-05
2.013724000000000034e-05 1.792963294485349190e-05
2.098939999999999931e-05 1.914725107111096524e-05
2.187762000000000010e-05 2.043575603511197685e-05
2.280342000000000062e-05 2.179829667675096285e-05
2.376840000000000100e-05 2.323809281553390794e-05
2.477421999999999876e-05 2.475843485463179468e-05
2.582259999999999905e-05 2.636266747588121315e-05
2.691534999999999972e-05 2.805420835533612700e-05
2.805433999999999947e-05 2.983652520322385785e-05
2.924151999999999917e-05 3.171313663782313931e-05
3.047895000000000064e-05 3.368761487264022788e-05
3.176874000000000240e-05 3.576356899877010083e-05
3.311311000000000050e-05 3.794465349540191102e-05
3.451437000000000070e-05 4.023454647393050746e-05
3.597493000000000218e-05 4.263695121939826174e-05
3.749729999999999757e-05 4.515559467715213663e-05
3.908409000000000004e-05 4.779419829743568560e-05
4.073802999999999729e-05 5.055648951066181798e-05
4.246195999999999825e-05 5.344617444800586195e-05
4.425883999999999992e-05 5.646693421530035858e-05
4.613176000000000163e-05 5.962240096390740738e-05
4.808392999999999755e-05 6.291614654343833247e-05
5.011871999999999980e-05 6.635165831012550329e-05
5.223962000000000180e-05 6.993231672173979814e-05
5.445027000000000070e-05 7.366136861072668425e-05
5.675445999999999735e-05 7.754189564785088308e-05
5.915615999999999843e-05 8.157677978078340763e-05
6.165949999999999469e-05 8.576866170236496225e-05
6.426877000000000165e-05 9.011989970054364886e-05
6.698845999999999458e-05 9.463251089255871138e-05
6.982324000000000202e-05 9.930812116362113375e-05
7.277797999999999874e-05 1.041478933609986255e-04
7.585776000000000129e-05 1.091524596644634761e-04
7.906785999999999958e-05 1.143218281340469656e-04
8.241381000000000097e-05 1.196553091342087560e-04
8.590135000000000045e-05 1.251513965500195686e-04
8.953647999999999761e-05 1.308076619900450934e-04
9.332542999999999460e-05 1.366206268310780133e-04
9.727472000000000028e-05 1.425856414443291348e-04
1.013910999999999990e-04 1.486967078926411260e-04
1.056817999999999950e-04 1.549463278096119105e-04
1.101538999999999958e-04 1.613253851707914792e-04
1.148154000000000053e-04 1.678228189010983059e-04
1.196740999999999999e-04 1.744255762201801297e-04
1.247383999999999982e-04 1.811183359969183811e-04
1.300170000000000123e-04 1.878832597426966064e-04
1.355189000000000079e-04 1.946998343468176287e-04
1.412538000000000129e-04 2.015445650673391997e-04
1.472312999999999942e-04 2.083908193107002595e-04
1.534616999999999947e-04 2.152085987793301723e-04
1.599558000000000110e-04 2.219642290614523734e-04
1.667247000000000065e-04 2.286203239969432507e-04
1.737801000000000135e-04 2.351355405004712615e-04
1.811340000000000042e-04 2.414645013593353859e-04
1.887990999999999996e-04 2.475577043546129665e-04
1.967886000000000017e-04 2.533616433400376713e-04
2.051161999999999929e-04 2.588188164915895231e-04
2.137961999999999979e-04 2.638680621312498539e-04
2.228435000000000019e-04 2.684448814615002059e-04
2.322737000000000120e-04 2.724819771548882361e-04
2.421028999999999889e-04 2.759100326118040783e-04
2.523480999999999836e-04 2.786585447855160027e-04
2.630267999999999734e-04 2.806571166005099750e-04
2.741573999999999986e-04 2.818367521659251827e-04
2.857590999999999929e-04 2.821316212138731748e-04
2.978516000000000063e-04 2.814809523453429621e-04
3.104560000000000240e-04 2.798312554610515347e-04
3.235937000000000253e-04 2.771388213113685399e-04
3.372873000000000190e-04 2.733722732120931107e-04
3.515603999999999756e-04 2.685154215426163921e-04
3.664375999999999896e-04 2.625701242890279646e-04
3.819442999999999948e-04 2.555590886645221597e-04
3.981071999999999888e-04 2.475285511809765171e-04
4.149539999999999848e-04 2.385505850303143113e-04
4.325137999999999856e-04 2.287248749108966616e-04
4.508167000000000099e-04 2.181798980972431525e-04
4.698940999999999773e-04 2.070729982985386279e-04
4.897788000000000141e-04 1.955894431641828413e-04
5.105049999999999649e-04 1.839400793177143473e-04
5.321082999999999889e-04 1.723573637668600485e-04
5.546257000000000183e-04 1.610898705846859407e-04
5.780959999999999484e-04 1.503949175102491022e-04
6.025596000000000034e-04 1.405296198415801039e-04
6.280584000000000514e-04 1.317405154852209514e-04
6.546361999999999581e-04 1.242520915984662952e-04
6.823387000000000202e-04 1.182549230928939217e-04
7.112134999999999898e-04 1.138941460899341944e-04
7.413101999999999756e-04 1.112593127796127296e-04
7.726805999999999692e-04 1.103767107468542222e-04
8.053783999999999596e-04 1.112053288266678296e-04
8.394599999999999892e-04 1.136375376584825107e-04
8.749838000000000234e-04 1.175053487859003561e-04
9.120108000000000468e-04 1.225925934495378374e-04
9.506048000000000232e-04 1.286528298409750034e-04
9.908319000000000501e-04 1.354318210690399994e-04
1.032761000000000096e-03 1.426925487377688287e-04
1.076464999999999974e-03 1.502397396446504682e-04
1.122018000000000017e-03 1.579402698294979607e-04
1.169499000000000059e-03 1.657356292213008476e-04
1.218990000000000091e-03 1.736433560416361600e-04
1.270574000000000009e-03 1.817457894811337084e-04
1.324342000000000054e-03 1.901669485531851307e-04
1.380383999999999908e-03 1.990414348809818460e-04
1.438798999999999937e-03 2.084819926117807730e-04
1.499684999999999950e-03 2.185540953239736850e-04
1.563148000000000098e-03 2.292652777092425730e-04
1.629295999999999913e-03 2.405730829722599513e-04
1.698244000000000012e-03 2.524098868164188444e-04
1.770108999999999962e-03 2.647159530233516439e-04
1.845014999999999980e-03 2.774669907226878915e-04
1.923091999999999944e-03 2.906840307059436850e-04
2.004472000000000198e-03 3.044204572518670283e-04
2.089296000000000035e-03 3.187322784495108551e-04
2.177709999999999802e-03 3.336483729635663633e-04
2.269864999999999817e-03 3.491585333802248278e-04
2.365920000000000089e-03 3.652266857762029848e-04
2.466039000000000165e-03 3.818189292964652690e-04
2.570395999999999966e-03 3.989240504510116860e-04
2.679168000000000001e-03 4.165490640467795977e-04
2.792544000000000103e-03 4.346937378998368216e-04
2.910717000000000165e-03 4.533289868375554323e-04
3.033890999999999932e-03 4.724006254790607878e-04
3.162278000000000137e-03 4.918513520956675810e-04
3.296097000000000003e-03 5.116320792908628668e-04
3.435578999999999803e-03 5.316867550377556975e-04
3.580963999999999849e-03 5.519326204766213497e-04
3.732501999999999955e-03 5.722631899017342500e-04
3.890451000000000065e-03 5.925644563854584644e-04
4.055084999999999940e-03 6.127129106635760807e-04
4.226686000000000332e-03 6.325587454411982138e-04
4.405548999999999923e-03 6.519254609494861850e-04
4.591979999999999847e-03 6.706212682027706904e-04
4.786300999999999750e-03 6.884334588098101450e-04
4.988845000000000432e-03 7.051200160149201281e-04
5.199959999999999999e-03 7.204171985575016013e-04
5.420008999999999938e-03 7.340413064308797496e-04
5.649369999999999913e-03 7.456837755527509493e-04
5.888436999999999838e-03 7.550189979457196457e-04
6.137619999999999881e-03 7.617077320403261740e-04
6.397347999999999750e-03 7.654000812425535479e-04
6.668068000000000085e-03 7.657466779841813663e-04
6.950243000000000046e-03 7.624054563635325379e-04
7.244360000000000036e-03 7.550553373151596640e-04
7.550921999999999842e-03 7.434096508032132919e-04
7.870458000000000315e-03 7.272327950320557795e-04
8.203514999999999766e-03 7.063598083792779498e-04
8.550666999999999643e-03 6.807160774407845175e-04
8.912509000000000750e-03 6.503392047636041796e-04
9.289663999999999561e-03 6.154007204021792049e-04
9.682779000000000733e-03 5.762255396063572978e-04
1.009253000000000060e-02 5.333084929967305942e-04
1.051962000000000036e-02 4.873245335440684351e-04
1.096478000000000036e-02 4.391301937528374827e-04
1.142877999999999949e-02 3.897536787438657521e-04
1.191241999999999995e-02 3.403699592559199564e-04
1.241652000000000033e-02 2.922594151476992663e-04
1.294196000000000062e-02 2.467480157462249380e-04
1.348963000000000072e-02 2.051297253138778000e-04
1.406048000000000020e-02 1.685739984325552066e-04
1.465548000000000024e-02 1.380240747207728822e-04
1.527565999999999993e-02 1.140955252997866989e-04
1.592208999999999985e-02 9.698779077326796425e-05
1.659586999999999868e-02 8.642403651204712712e-05
1.729815999999999993e-02 8.163552858161267063e-05
1.803017999999999982e-02 8.140469070487341824e-05
1.879317000000000140e-02 8.417511424876531444e-05
1.958845000000000031e-02 8.822650253238518991e-05
2.041737999999999886e-02 9.189864703346237867e-05
2.128139000000000072e-02 9.383267717023293861e-05
2.218196000000000057e-02 9.318402069878134681e-05
2.312064999999999954e-02 8.975496215818071926e-05
2.409905000000000033e-02 8.400075964185881104e-05
2.511885999999999980e-02 7.688607753622708155e-05
2.618182999999999969e-02 6.960710963423513437e-05
2.728977999999999959e-02 6.324160064841986330e-05
2.844460999999999865e-02 5.842839684246344190e-05
2.964831000000000064e-02 5.519024700327484703e-05
3.090294999999999848e-02 5.298120501697202683e-05
3.221069000000000015e-02 5.096157602923899910e-05
3.357376000000000110e-02 4.840108663864755651e-05
3.499452000000000118e-02 4.503196621963547261e-05
3.647539000000000337e-02 4.117161796811045626e-05
3.801894000000000107e-02 3.753626403825235003e-05
3.962779999999999775e-02 3.483873852580400934e-05
4.130475000000000119e-02 3.340735946969416461e-05
4.305265999999999954e-02 3.306581869548079624e-05
4.487453999999999749e-02 3.333931877698136792e-05
4.677350999999999731e-02 3.380516256586160273e-05
4.875285000000000035e-02 3.429054341651398860e-05
5.081593999999999695e-02 3.476851964340267213e-05
5.296634000000000064e-02 3.510830875229885712e-05
5.520773999999999820e-02 3.499352386000265395e-05
5.754399000000000319e-02 3.413339814180818457e-05
5.997911000000000215e-02 3.254409739210876041e-05
6.251726999999999979e-02 3.058995970041480825e-05
6.516283999999999965e-02 2.877012895094711268e-05
6.792035999999999907e-02 2.751105966649411490e-05
7.079457999999999585e-02 2.709629774061223789e-05
7.379041999999999546e-02 2.758852165146641878e-05
7.691304000000000196e-02 2.868202846863099077e-05
8.016781000000000601e-02 2.971526519002956574e-05
8.356030000000000402e-02 2.999238496936197464e-05
8.709635999999999767e-02 2.919985688969623265e-05
9.078205000000000302e-02 2.763690794744365020e-05
9.462371999999999450e-02 2.613805171339197059e-05
9.862795000000000589e-02 2.561444026571101277e-05
1.028016000000000069e-01 2.635878030730488589e-05
1.071518999999999944e-01 2.766709429806147008e-05
1.116863000000000022e-01 2.827394935130715661e-05
1.164126000000000050e-01 2.744921039124401221e-05
1.213388999999999995e-01 2.584747423853567402e-05
1.264735999999999916e-01 2.503800863711036471e-05
1.318256999999999901e-01 2.579889950254710590e-05
1.374042000000000041e-01 2.699165493995735939e-05
1.432188000000000072e-01 2.681531251296066602e-05
1.492794000000000065e-01 2.535892458803778470e-05
1.555966000000000016e-01 2.474198734694305776e-05
1.621809999999999918e-01 2.580898163842016839e-05
1.690441000000000027e-01 2.640346334646000701e-05
1.761976000000000098e-01 2.512750118361126316e-05
1.836538000000000059e-01 2.433753104012769135e-05
1.914256000000000013e-01 2.547060646535460502e-05
1.995261999999999869e-01 2.561619841010369166e-05
2.079697000000000073e-01 2.418752357187419405e-05
2.167704000000000020e-01 2.459926982746790780e-05
2.259435999999999944e-01 2.528081190948254552e-05
2.355048999999999892e-01 2.394213855652482369e-05
2.454708999999999919e-01 2.438363613776768957e-05
2.558585999999999916e-01 2.476613779760051558e-05
2.666858999999999758e-01 2.354771223931275835e-05
2.779712999999999767e-01 2.459556583258681021e-05
2.897344000000000031e-01 2.378167680892355668e-05
3.019952000000000192e-01 2.401375223830680647e-05
3.147748000000000212e-01 2.405149246023186192e-05
3.280952999999999786e-01 2.372967005465703583e-05
3.419793999999999889e-01 2.413115283182925032e-05
3.564511000000000207e-01 2.378873327534710254e-05
3.715352000000000099e-01 2.402638831648636083e-05
3.872575999999999796e-01 2.417508546247472469e-05
4.036453999999999875e-01 2.379146663130106998e-05
4.207266000000000061e-01 2.461544575210923230e-05
4.385306999999999955e-01 2.397619151567593644e-05
4.570882000000000001e-01 2.426336445460681491e-05
4.764309999999999934e-01 2.479032242831554105e-05
4.965922999999999865e-01 2.431558091566414422e-05
5.176068000000000335e-01 2.413971834387760367e-05
5.395105999999999513e-01 2.454249054925664123e-05
5.623413000000000439e-01 2.478809686855167676e-05
5.861382000000000536e-01 2.465318256564203985e-05
6.109419999999999851e-01 2.438903672845815844e-05
6.367954999999999588e-01 2.419085267003789918e-05
6.637431000000000303e-01 2.410217798805738522e-05
6.918309999999999738e-01 2.410952037126663458e-05
7.211075000000000124e-01 2.421456180115474956e-05
7.516228999999999827e-01 2.443285121258586976e-05
7.834295999999999482e-01 2.470027446924289357e-05
8.165824000000000416e-01 2.475510682341884364e-05
8.511379999999999502e-01 2.439444432801125752e-05
8.871559999999999446e-01 2.425033861464864283e-05
9.246982000000000257e-01 2.471557971065524567e-05
9.638290000000000468e-01 2.420786129636475878e-05
1.004615999999999953e+00 2.436661130002244945e-05
1.047128999999999976e+00 2.418310594410698125e-05
1.091439999999999966e+00 2.454562589971146037e-05
1.137626999999999944e+00 2.397621172466058220e-05
1.185769000000000073e+00 2.439260913393634158e-05
1.235946999999999907e+00 2.473806506983530892e-05
1.288249999999999895e+00 2.457265588708699365e-05
1.342764999999999986e+00 2.435596363959564644e-05
1.399586999999999914e+00 2.443105507551358440e-05
1.458814000000000055e+00 2.493546220217719448e-05
1.520548000000000011e+00 2.522292020565013661e-05
1.584893000000000107e+00 2.305085971984987043e-05
1.651961999999999930e+00 2.157918449674032848e-05
1.721869000000000094e+00 2.783867615428741655e-05
1.794734000000000052e+00 2.240829523510672023e-05
1.870681999999999956e+00 2.109551230291223736e-05
1.949845000000000050e+00 2.619125847993321782e-05
2.032357000000000191e+00 2.576161487032725025e-05
2.118361000000000161e+00 2.130159446813929727e-05
2.208004999999999995e+00 2.189505636485402046e-05
2.301442000000000210e+00 2.510891788934981809e-05
2.398833000000000215e+00 2.512667507777907765e-05
2.500344999999999818e+00 2.154209228517009759e-05
2.606154000000000082e+00 2.085436776279336359e-05
2.716438999999999826e+00 2.297980954564225425e-05
2.831392000000000131e+00 2.442038083203595055e-05
2.951208999999999971e+00 2.335095575759410557e-05
3.076096999999999859e+00 2.230800089434262798e-05
3.206268999999999814e+00 1.940413580415490129e-05
3.341950000000000198e+00 2.212150566095814723e-05
3.483372999999999831e+00 2.437446022239882638e-05
3.630780999999999814e+00 2.126315495215806486e-05
3.784425999999999846e+00 2.450332157748273711e-05
3.944573000000000107e+00 1.982582778803323290e-05
4.111496999999999957e+00 2.120391658079333696e-05
4.285485000000000433e+00 1.911921536980765862e-05
4.466835999999999807e+00 2.149999561118863450e-05
4.655860999999999805e+00 2.014349482549389697e-05
4.852884999999999671e+00 2.212442888794568662e-05
5.058246999999999716e+00 1.930749225770997325e-05
5.272299000000000291e+00 2.127694193420168894e-05
5.495409000000000432e+00 1.810625211041743467e-05
5.727960000000000385e+00 1.854461843156637104e-05
5.970353000000000243e+00 2.023470251736051429e-05
6.223003000000000284e+00 1.899283626519664825e-05
6.486343999999999888e+00 1.905145446272582150e-05
6.760830000000000339e+00 1.760761436163977043e-05
7.046930999999999834e+00 1.875010894984751111e-05
7.345138999999999641e+00 2.054101586365523333e-05
7.655966000000000271e+00 1.859149321833672563e-05
7.979947000000000124e+00 1.825070150273991649e-05
8.317638000000000531e+00 1.733455904080599471e-05
8.669619000000000852e+00 1.677889587209334117e-05
9.036495000000000388e+00 1.873951883622470687e-05
9.418896000000000157e+00 1.528148358862365882e-05
9.817479000000000511e+00 1.726819727027572844e-05
1.023292999999999964e+01 1.709332424180331212e-05
1.066596000000000011e+01 1.755250769823847180e-05
1.111731999999999942e+01 1.491018346779537690e-05
1.158777000000000079e+01 1.540993847636223604e-05
1.207813999999999943e+01 1.523908674227750229e-05
1.258924999999999983e+01 1.521021281191746338e-05
1.312199999999999989e+01 1.592714046938796787e-05
1.367728999999999928e+01 1.440529923690205721e-05
1.425608000000000075e+01 1.482737845890249424e-05
1.485936000000000057e+01 1.479583437056469127e-05
1.548817000000000021e+01 1.415269923983401779e-05
1.614358999999999966e+01 1.311226516157941622e-05
1.682674000000000092e+01 1.401973745079774315e-05
1.753881000000000157e+01 1.341417667782244298e-05
1.828099999999999881e+01 1.344914687561927977e-05
1.905461000000000027e+01 1.383842225481726310e-05
1.986094999999999899e+01 1.369389810607653365e-05
2.070140999999999920e+01 1.198016127155125401e-05
2.157743999999999929e+01 1.241334298165041306e-05
2.249054999999999893e+01 1.255803546571511274e-05
2.344228999999999985e+01 1.189792690835300080e-05
2.443430999999999997e+01 1.196497694942151825e-05
2.546829999999999927e+01 1.007849802899246701e-05
2.654606000000000066e+01 1.201466140310363045e-05
2.766941999999999879e+01 1.195839883737227400e-05
2.884031999999999840e+01 1.063846093139542518e-05
3.006075999999999837e+01 1.071161205668141743e-05
3.133286000000000016e+01 1.079036575674046682e-05
3.265878000000000014e+01 9.881831564791701924e-06
3.404081999999999653e+01 9.815707280469126696e-06
3.548134000000000299e+01 9.514687950509546490e-06
3.698281999999999670e+01 1.038540841613543777e-05
3.854784000000000077e+01 9.291614883700724943e-06
4.017907999999999902e+01 9.363533781958492154e-06
4.187935999999999837e+01 9.387703757714163015e-06
4.365158000000000271e+01 8.929184049077196087e-06
4.549880999999999887e+01 8.339297196380426560e-06
4.742419999999999902e+01 8.487743191066527386e-06
4.943106999999999829e+01 7.514017957411736146e-06
5.152286000000000143e+01 7.999039420729878383e-06
5.370318000000000325e+01 8.232139765263315931e-06
5.597576000000000107e+01 7.544882823352480496e-06
5.834450999999999965e+01 8.208329272781094107e-06
6.081349999999999767e+01 8.379143514211884487e-06
6.338696999999999804e+01 7.394840760502655992e-06
6.606933999999999685e+01 6.624430313847989887e-06
6.886522999999999683e+01 6.830677761013335470e-06
7.177943000000000495e+01 6.207803693370769023e-06
7.481695000000000562e+01 6.980762307675628101e-06
7.798300999999999306e+01 5.604969043187436696e-06
8.128305000000000291e+01 7.041875833562156472e-06
8.472274000000000171e+01 6.264484852291008771e-06
8.830799000000000376e+01 6.139892219549495803e-06
9.204496000000000322e+01 5.375796919565013959e-06
9.594006000000000256e+01 5.623187865459673908e-06
1.000000000000000000e+02 6.212446712539780273e-06
1.042317000000000036e+02 5.838709591105776900e-06
1.086426000000000016e+02 4.487166058326362125e-06
1.132399999999999949e+02 4.963923481604226688e-06
1.180320999999999998e+02 5.623304419070087798e-06
1.230268999999999977e+02 5.003370872928226596e-06
1.282331000000000074e+02 4.555386591446539463e-06
1.336596000000000117e+02 4.686458732154446033e-06
1.393156999999999925e+02 4.491388672404582203e-06
1.452111999999999910e+02 4.649632228512900407e-06
1.513560999999999979e+02 4.123665762890812803e-06
1.577610999999999990e+02 4.547283127547095146e-06
1.644371999999999900e+02 4.062511426340410059e-06
1.713957000000000050e+02 4.168955013210864185e-06
1.786487999999999943e+02 4.006390108759147765e-06
1.862086999999999932e+02 3.769667198928095171e-06
1.940886000000000138e+02 3.531056199977670407e-06
2.023018999999999892e+02 3.686677234699402728e-06
2.108627999999999929e+02 2.821707882828789577e-06
2.197860000000000014e+02 3.072879302134859855e-06
2.290868000000000109e+02 3.119305566994118108e-06
2.387811000000000092e+02 3.485390795765614740e-06
2.488857000000000141e+02 2.499238882123972959e-06
2.594178999999999746e+02 3.122124036840782781e-06
2.703958000000000084e+02 2.964253039342983278e-06
2.818383000000000038e+02 2.548428945465312356e-06
2.937649999999999864e+02 2.933246939137393242e-06
3.061963000000000079e+02 2.441954851737979037e-06
3.191537999999999897e+02 2.732842927104735500e-06
3.326596000000000117e+02 2.235351821565435418e-06
3.467368999999999915e+02 2.461632738135888046e-06
3.614098999999999933e+02 2.458512229097482953e-06
3.767038000000000011e+02 2.135621948952629508e-06
3.926449000000000069e+02 1.783430624225266152e-06
4.092606999999999857e+02 2.052291013678585766e-06
4.265794999999999959e+02 1.901034267124858576e-06
4.446313000000000102e+02 1.743744987980644302e-06
4.634469000000000278e+02 1.561224415777801054e-06
4.830588000000000193e+02 1.580229325513447546e-06
5.035006000000000199e+02 1.743334721318036262e-06
5.248075000000000045e+02 1.864378832790465302e-06
5.470159999999999627e+02 1.536032258002117274e-06
5.701643000000000256e+02 1.415893367700820495e-06
5.942921999999999798e+02 1.606648355391339140e-06
6.194411000000000058e+02 1.276731238907564055e-06
6.456541999999999462e+02 1.414317571132933832e-06
6.729767000000000507e+02 1.295941736021455285e-06
7.014552999999999656e+02 1.304740558727978583e-06
7.311390999999999849e+02 1.417325944858916876e-06
7.620789999999999509e+02 1.332269154783402197e-06
7.943282000000000380e+02 1.027574681610493778e-06
8.279421999999999571e+02 1.170137436645711094e-06
8.629785000000000537e+02 9.635471443476590468e-07
8.994976000000000340e+02 9.981692233585834418e-07
9.375620000000000118e+02 9.107775811228195855e-07
9.772372000000000298e+02 9.019801455480539055e-07
1.018591000000000008e+03 8.951124796188699775e-07
1.061695999999999913e+03 7.946905495571708717e-07
1.106624000000000024e+03 7.539773272471324741e-07
1.153452999999999975e+03 8.895779445999826149e-07
1.202263999999999896e+03 6.599230995574722604e-07
1.253141000000000076e+03 7.043224437378431651e-07
1.306171000000000049e+03 8.028813190575912197e-07
1.361444999999999936e+03 5.592710587367923811e-07
1.419057999999999993e+03 5.032185059975151320e-07
1.479107999999999947e+03 5.594696179765148571e-07
1.541700000000000045e+03 5.010480732629147399e-07
1.606941000000000031e+03 4.976932879335395923e-07
1.674942999999999984e+03 4.888800497949237318e-07
1.745821999999999889e+03 4.145106980235634125e-07
1.819701000000000022e+03 3.460930233943824627e-07
1.896705999999999904e+03 3.831236981500388367e-07
1.976970000000000027e+03 3.375475433258892918e-07
2.060630000000000109e+03 3.467515307698877236e-07
2.147829999999999927e+03 3.531524144732123510e-07
2.238721000000000004e+03 3.310135215959281885e-07
2.333458000000000084e+03 2.831738865093199336e-07
2.432204000000000178e+03 2.859051140505056710e-07
2.535128999999999905e+03 2.439274440341250850e-07
2.642409000000000106e+03 2.618785611678679882e-07
2.754228999999999814e+03 2.218608777865039805e-07
2.870780999999999949e+03 1.475776594884314179e-07
2.992264999999999873e+03 1.747854436716523721e-07
3.118889999999999873e+03 2.098177332977017639e-07
3.250873000000000047e+03 1.916292232320575037e-07
3.388442000000000007e+03 1.677405108755547591e-07
3.531831999999999880e+03 1.760951767991730374e-07
3.681289999999999964e+03 1.220582381299014856e-07
3.837072000000000116e+03 1.475010051090774189e-07
3.999447000000000116e+03 1.537094532818168272e-07
4.168694000000000415e+03 1.246520448437978613e-07
4.345101999999999862e+03 9.513817802964903685e-08
4.528975999999999658e+03 9.189650896774698178e-08
4.720630000000000109e+03 9.296869471278274345e-08
4.920395000000000437e+03 1.108503215580569666e-07
5.128613999999999578e+03 8.727969178205951367e-08
5.345644000000000233e+03 9.457927603754904802e-08
5.571856999999999971e+03 9.381225714982863958e-08
5.807644000000000233e+03 6.514221115063813897e-08
6.053408999999999651e+03 7.464410991938709874e-08
6.309573000000000320e+03 4.752598584525430716e-08
6.576578000000000429e+03 7.814694085334275935e-08
6.854881999999999607e+03 5.587769551858679438e-08
7.144962999999999738e+03 4.151760033319743630e-08
7.447319999999999709e+03 3.782025807075528262e-08
7.762470999999999549e+03 4.745365102193325034e-08
8.090958999999999833e+03 3.952615908466324637e-08
8.433347999999999956e+03 3.349525895007001801e-08
8.790225000000000364e+03 5.094438876134027904e-08
9.162204999999999927e+03 3.251364254704100311e-08
9.549925999999999476e+03 2.813347903105915467e-08
9.954054000000000087e+03 2.850586944926518191e-08
1.037528000000000065e+04 2.643711064430426273e-08
1.081434000000000015e+04 2.675452676508594883e-08
1.127196999999999935e+04 2.146260215952110669e-08
1.174897999999999956e+04 2.395093789199383028e-08
1.224615999999999985e+04 2.111085434478852918e-08
1.276438999999999942e+04 1.720960804219319996e-08
1.330454000000000087e+04 1.855113375971347665e-08
1.386755999999999949e+04 1.746138043671045970e-08
1.445439999999999964e+04 1.344829695218155014e-08
1.506606999999999971e+04 1.390084537891700275e-08
1.570362999999999920e+04 1.354341138249416132e-08
1.636817000000000007e+04 1.418760903825988811e-08
1.706081999999999971e+04 1.114977330696011385e-08
1.778279000000000087e+04 9.925087637240365347e-09
1.853531999999999971e+04 7.084799547436565668e-09
1.931968000000000029e+04 1.056540798482463878e-08
2.013724000000000160e+04 9.634213669783410593e-09
2.098940000000000146e+04 8.847995194001806670e-09
2.187761999999999898e+04 7.179450248732604344e-09
2.280341999999999825e+04 7.452289147677465288e-09
2.376840000000000146e+04 7.894556301998039613e-09
2.477422000000000116e+04 5.185326329889051826e-09
2.582259999999999854e+04 6.301737635780037218e-09
2.691534999999999854e+04 4.867282160623152662e-09
2.805434000000000015e+04 4.722130978241891229e-09
2.924152000000000044e+04 4.016557848690136516e-09
3.047895000000000073e+04 4.090752051595636773e-09
3.176874000000000160e+04 3.991840100659385134e-09
3.311311000000000058e+04 4.365504892207422804e-09
3.451437000000000262e+04 3.515258190438908361e-09
3.597493000000000029e+04 2.750753726843617861e-09
3.749730000000000291e+04 2.846222240610498760e-09
3.908408999999999651e+04 3.246356574207470904e-09
4.073802999999999884e+04 2.592829229360564687e-09
4.246195999999999913e+04 2.512277834807488505e-09
4.425883999999999651e+04 2.167276907629628831e-09
4.613176000000000204e+04 1.655266493675996733e-09
4.808393000000000029e+04 1.784810580750362687e-09
5.011872000000000116e+04 1.619542656549358827e-09
5.223962000000000262e+04 1.352330239222878142e-09
5.445026999999999680e+04 1.594080665046740983e-09
5.675445999999999913e+04 1.430566738445572851e-09
5.915616000000000349e+04 1.045210015868883871e-09
6.165950000000000000e+04 1.117103297286672246e-09
6.426876999999999680e+04 1.042734515765448256e-09
6.698846000000000640e+04 9.988642169549564486e-10
6.982324000000000524e+04 9.850712814396227659e-10
7.277797999999999593e+04 8.446641912136436431e-10
7.585775999999999476e+04 9.369607204829402404e-10
7.906786000000000058e+04 7.745516412209486147e-10
8.241380999999999767e+04 8.361155854149113989e-10
8.590135000000000582e+04 7.442623080072156370e-10
8.953647999999999593e+04 6.603384509098988173e-10
9.332542999999999302e+04 6.210318399287983631e-10
9.727472000000000116e+04 4.676864305003212114e-10
1.013911000000000058e+05 5.040940344342902975e-10
1.056818000000000029e+05 3.713001636725149733e-10
1.101538999999999942e+05 4.528316930908626786e-10
1.148153999999999942e+05 3.835192723879123750e-10
1.196741000000000058e+05 3.572711854401392400e-10
1.247383999999999942e+05 3.913027894943433059e-10
1.300170000000000000e+05 3.566988174868336361e-10
1.355188999999999942e+05 2.370673513702968792e-10
1.412537999999999884e+05 2.876490070284099174e-10
1.472312999999999884e+05 2.311401959421988413e-10
1.534617000000000116e+05 2.376656505997688369e-10
1.599557999999999884e+05 2.302957186390161442e-10
1.667247000000000116e+05 1.934073813775036356e-10
1.737801000000000058e+05 1.941378257147792196e-10
1.811340000000000000e+05 1.893323718437518182e-10
1.887991000000000058e+05 1.877378478233294863e-10
1.967886000000000058e+05 1.591863874047925523e-10
2.051162000000000116e+05 1.602817121788936733e-10
2.137962000000000116e+05 1.427902708295849354e-10
2.228435000000000000e+05 1.147981635326451062e-10
2.322737000000000116e+05 1.105551112205020844e-10
2.421028999999999942e+05 1.036967225101114230e-10
2.523481000000000058e+05 7.836088144720602103e-11
2.630267999999999884e+05 9.145430063293462192e-11
2.741574000000000233e+05 7.205565495261656157e-11
2.857590999999999767e+05 7.857313957900520885e-11
2.978515999999999767e+05 8.131707714088621232e-11
3.104560000000000000e+05 7.079543904056053085e-11
3.235937000000000116e+05 6.565010195516497052e-11
3.372872999999999884e+05 7.348144564236244793e-11
3.515604000000000233e+05 5.371790430247320380e-11
3.664375999999999767e+05 6.219552611687281864e-11
3.819442999999999884e+05 5.387004444413842560e-11
3.981072000000000116e+05 3.973987803321231351e-11
4.149540000000000000e+05 4.226421912059993200e-11
4.325137999999999884e+05 3.601478542635095966e-11
4.508167000000000116e+05 3.375163140007487726e-11
4.698940999999999767e+05 3.097718776899785664e-11
4.897787999999999884e+05 3.005701143543136164e-11
5.105050000000000000e+05 3.052227265880303064e-11
5.321083000000000466e+05 3.012760660345692183e-11
5.546256999999999534e+05 2.326456406766065049e-11
5.780960000000000000e+05 2.343672483695505467e-11
6.025595999999999767e+05 1.904727759481260844e-11
6.280584000000000233e+05 1.778876936884120937e-11
6.546361999999999534e+05 1.616948992719972806e-11
6.823386999999999534e+05 1.585570031183454426e-11
7.112135000000000000e+05 1.850771316994111354e-11
7.413101999999999534e+05 1.649246123424339527e-11
7.726805999999999767e+05 1.527373732487731956e-11
8.053784000000000233e+05 1.266283735692836088e-11
8.394600000000000000e+05 1.358441842339385142e-11
8.749838000000000466e+05 1.279027024664244918e-11
9.120108000000000466e+05 1.275617660506565037e-11
9.506048000000000466e+05 1.059794844710036118e-11
9.908319000000000233e+05 8.812519091038536867e-12
1.032761000000000000e+06 7.534432642130433218e-12
1.076465000000000000e+06 6.658051371291534314e-12
1.122018000000000000e+06 9.154954991687926517e-12
1.169499000000000000e+06 6.519740901287790522e-12
1.218990000000000000e+06 7.894928037665158083e-12
1.270574000000000000e+06 7.434421267928055775e-12
1.324342000000000000e+06 6.611168032862582813e-12
1.380384000000000000e+06 5.465236813767726609e-12
1.438799000000000000e+06 5.334598955898539027e-12
1.499685000000000000e+06 4.480928977822718485e-12
1.563148000000000000e+06 4.291008785754243411e-12
1.629296000000000000e+06 4.219814722002148696e-12
1.698244000000000000e+06 3.351710843638219894e-12
1.770109000000000000e+06 3.431080009372489845e-12
1.845015000000000000e+06 3.302201043097653584e-12
1.923092000000000000e+06 2.803047957853423871e-12
2.004472000000000000e+06 3.042369470236837347e-12
2.089296000000000000e+06 2.074531835948406976e-12
2.177710000000000000e+06 2.509165705398818271e-12
2.269865000000000000e+06 2.525410550370265666e-12
2.365920000000000000e+06 2.221630942296307254e-12
2.466039000000000000e+06 1.796736959443164890e-12
2.570396000000000000e+06 1.615988836940297608e-12
2.679168000000000000e+06 1.763650999937862332e-12
2.792544000000000000e+06 1.914041605821861846e-12
2.910717000000000000e+06 1.378432416630150960e-12
3.033891000000000000e+06 1.103983615427767784e-12
3.162278000000000000e+06 1.496532434696227773e-12
3.296097000000000000e+06 1.083910057595734812e-12
3.435579000000000000e+06 1.108964000105080452e-12
3.580964000000000000e+06 9.852090105766865674e-13
3.732502000000000000e+06 1.024984198491184740e-12
3.890451000000000000e+06 9.788052976584952957e-13
4.055085000000000000e+06 7.704031770574704544e-13
4.226686000000000000e+06 6.374671644364352532e-13
4.405549000000000000e+06 7.325037006758263253e-13
4.591980000000000000e+06 6.526853765578390569e-13
4.786301000000000000e+06 6.047738102306574913e-13
4.988845000000000000e+06 5.233453577646762808e-13
5.199960000000000000e+06 4.483146527560476042e-13
5.420009000000000000e+06 4.955276584929508897e-13
5.649370000000000000e+06 4.199196269360391222e-13
5.888437000000000000e+06 3.674219215731773367e-13
6.137620000000000000e+06 4.104871127214728127e-13
6.397348000000000000e+06 3.010662657084447358e-13
6.668068000000000000e+06 3.252358160566975477e-13
6.950243000000000000e+06 3.643428529361647955e-13
7.244360000000000000e+06 3.722738756492900837e-13
7.550922000000000000e+06 2.648398574413782582e-13
7.870458000000000000e+06 3.091981075143957530e-13
8.203515000000000000e+06 2.492826506566699703e-13
8.550667000000000000e+06 2.568979666044082327e-13
8.912509000000000000e+06 2.294319286049261778e-13
9.289664000000000000e+06 2.297247338757194179e-13
9.682779000000000000e+06 1.794577827005977275e-13
1.009253000000000000e+07 1.990102136652624391e-13
1.051962000000000000e+07 1.542935436058566776e-13
1.096478000000000000e+07 1.180627955858868799e-13
1.142878000000000000e+07 1.481831271738365994e-13
1.191242000000000000e+07 1.330995906758090534e-13
1.241652000000000000e+07 9.114917222179183363e-14
1.294196000000000000e+07 1.199342398890350071e-13
1.348963000000000000e+07 9.881339218860333174e-14
1.406048000000000000e+07 9.871234897537841711e-14
1.465548000000000000e+07 7.274343987496959829e-14
1.527566000000000000e+07 7.934043203310528996e-14
1.592209000000000000e+07 8.317943413688394541e-14
1.659587000000000000e+07 6.515014865632308821e-14
1.729816000000000000e+07 7.048033011093320229e-14
1.803018000000000000e+07 6.712210391761477050e-14
1.879317000000000000e+07 5.995749771884797923e-14
1.958845000000000000e+07 4.580036240041918388e-14
2.041738000000000000e+07 4.763530107180588069e-14
2.128139000000000000e+07 4.734402457671641508e-14
2.218196000000000000e+07 5.129190270138490192e-14
2.312065000000000000e+07 4.228755165469642928e-14
2.409905000000000000e+07 3.534877681744571716e-14
2.511886000000000000e+07 3.801164913333756799e-14
2.618183000000000000e+07 3.742646476108211233e-14
2.728978000000000000e+07 3.532383896527927599e-14
2.844461000000000000e+07 3.211534658670581757e-14
2.964831000000000000e+07 2.894930494701243186e-14
3.090295000000000000e+07 2.615578747513186384e-14
3.221069000000000000e+07 3.093250361708180883e-14
3.357376000000000000e+07 2.534608791307498575e-14
3.499452000000000000e+07 2.532358045153126452e-14
3.647539000000000000e+07 1.670355911348802635e-14
3.801894000000000000e+07 2.155634611465514869e-14
3.962780000000000000e+07 1.895243389803799987e-14
4.130475000000000000e+07 1.481645779349053178e-14
4.305266000000000000e+07 1.506929397226884447e-14
4.487454000000000000e+07 1.526374235533637204e-14
4.677351000000000000e+07 1.311157449172500782e-14
4.875285000000000000e+07 1.129048392451471061e-14
5.081594000000000000e+07 1.073610736736091841e-14
5.296634000000000000e+07 1.073830126479643991e-14
5.520774000000000000e+07 9.760582894690926670e-15
5.754399000000000000e+07 8.702090058226889329e-15
5.997911000000000000e+07 9.189840572727770717e-15
6.251727000000000000e+07 7.205556708489388247e-15
6.516284000000000000e+07 7.332203721405162852e-15
6.792036000000000000e+07 8.059113049250903563e-15
7.079458000000000000e+07 4.863690930330168841e-15
7.379042000000000000e+07 6.218296615998496656e-15
7.691304000000000000e+07 6.768752720099759049e-15
8.016781000000000000e+07 5.953610085687535772e-15
8.356030000000000000e+07 4.307838280864595218e-15
8.709636000000000000e+07 4.921239628429454003e-15
9.078205000000000000e+07 4.009850552420577254e-15
9.462372000000000000e+07 3.800532524268848795e-15
9.862795000000000000e+07 3.704383917040376643e-15
1.028016000000000000e+08 3.025375540305711488e-15
1.071519000000000000e+08 3.215035531603947779e-15
1.116863000000000000e+08 2.986237142269956236e-15
1.164126000000000000e+08 2.393933787720548489e-15
1.213389000000000000e+08 2.453757294315727410e-15
1.264736000000000000e+08 2.784787404196362655e-15
1.318257000000000000e+08 1.859016448181130344e-15
1.374042000000000000e+08 2.045138315569828395e-15
1.432188000000000000e+08 1.771049964740534834e-15
1.492794000000000000e+08 2.043101184129251183e-15
1.555966000000000000e+08 1.655914532927888108e-15
1.621810000000000000e+08 1.651068979356737586e-15
1.690441000000000000e+08 1.587500193804177611e-15
1.761976000000000000e+08 1.333535953665091459e-15
1.836538000000000000e+08 1.106183773073424640e-15
1.914256000000000000e+08 9.961265681991199937e-16
1.995262000000000000e+08 1.216200937057938866e-15
2.079697000000000000e+08 1.259153035295747706e-15
2.167704000000000000e+08 1.130635265737542577e-15
2.259436000000000000e+08 8.681881675269896406e-16
2.355049000000000000e+08 1.003823056136051263e-15
2.454709000000000000e+08 9.614061935814709825e-16
2.558586000000000000e+08 6.949601070361646148e-16
2.666859000000000000e+08 6.330245602678357770e-16
2.779713000000000000e+08 6.335056537908825261e-16
2.897344000000000000e+08 5.301320782790543964e-16
3.019952000000000000e+08 7.135165986985672816e-16
3.147748000000000000e+08 5.560748991270815149e-16
3.280953000000000000e+08 5.330214521503825328e-16
3.419794000000000000e+08 5.603789914149347724e-16
3.564511000000000000e+08 4.693204371095694883e-16
3.715352000000000000e+08 3.756268446701432142e-16
3.872576000000000000e+08 3.434013731877866899e-16
4.036454000000000000e+08 3.519939061144596086e-16
4.207266000000000000e+08 3.004855458623432898e-16
4.385307000000000000e+08 3.070644984113789741e-16
4.570882000000000000e+08 3.104008899258732183e-16
4.764310000000000000e+08 3.174744707139983932e-16
4.965923000000000000e+08 3.106239783517788047e-16
5.176068000000000000e+08 2.358542380298643143e-16
5.395106000000000000e+08 2.260956350318133925e-16
5.623413000000000000e+08 1.894152228723578057e-16
5.861382000000000000e+08 1.534671361976108153e-16
6.109420000000000000e+08 1.769565682428852997e-16
6.367955000000000000e+08 1.787810298020254014e-16
6.637431000000000000e+08 1.678869349258520174e-16
6.918310000000000000e+08 1.725897097959301769e-16
7.211075000000000000e+08 1.678930199195721807e-16
7.516229000000000000e+08 1.001040910620974172e-16
7.834296000000000000e+08 1.399553338059178505e-16
8.165824000000000000e+08 9.626122249982881673e-17
8.511380000000000000e+08 1.117804409950583569e-16
8.871560000000000000e+08 8.789257027931616176e-17
9.246982000000000000e+08 9.511401814822692236e-17
9.638290000000000000e+08 9.829504898576822089e-17
1.004616000000000000e+09 7.771095914198925797e-17
1.047129000000000000e+09 9.296708589136077510e-17
1.091440000000000000e+09 6.151508556401369004e-17
1.137627000000000000e+09 6.379455990374792758e-17
1.185769000000000000e+09 5.156874614646114014e-17
1.235947000000000000e+09 4.492101811810528157e-17
1.288250000000000000e+09 5.357359095797744378e-17
1.342765000000000000e+09 4.728696678422784426e-17
1.399587000000000000e+09 5.374836252663976839e-17
1.458814000000000000e+09 5.068877423132476589e-17
1.520548000000000000e+09 4.288994036018720001e-17
1.584893000000000000e+09 4.222747391266244359e-17
1.651962000000000000e+09 2.971104690158505249e-17
1.721869000000000000e+09 3.535048693309454205e-17
1.794734000000000000e+09 3.257689341890800523e-17
1.870682000000000000e+09 3.212543780125226659e-17
1.949845000000000000e+09 3.144081158520813859e-17
2.032357000000000000e+09 3.112868976444912439e-17
2.118361000000000000e+09 2.428614384225136060e-17
2.208005000000000000e+09 2.051989697458379645e-17
2.301442000000000000e+09 2.311825573589441140e-17
2.398833000000000000e+09 2.364691017855318224e-17
2.500345000000000000e+09 1.749769875236925047e-17
2.606154000000000000e+09 1.484947867037114628e-17
2.716439000000000000e+09 1.795155300273039155e-17
2.831392000000000000e+09 1.520627532655912560e-17
2.951209000000000000e+09 1.407870692624839567e-17
3.076097000000000000e+09 1.478512825342901858e-17
3.206269000000000000e+09 1.291925500354401530e-17
3.341950000000000000e+09 1.141126555385361210e-17
3.483373000000000000e+09 1.143462737716877076e-17
3.630781000000000000e+09 1.159910202256486464e-17
3.784426000000000000e+09 1.026642942766003112e-17
3.944573000000000000e+09 8.436815301439362749e-18
4.111497000000000000e+09 7.181116871593510167e-18
4.285485000000000000e+09 7.356686258043880305e-18
4.466836000000000000e+09 8.498763495215313530e-18
4.655861000000000000e+09 5.626025905310184002e-18
4.852885000000000000e+09 6.746602209550885956e-18
5.058247000000000000e+09 5.040926547205869563e-18
5.272299000000000000e+09 6.085986614343214467e-18
5.495409000000000000e+09 4.177378557856481967e-18
5.727960000000000000e+09 5.194495667592399472e-18
5.970353000000000000e+09 4.179186872650794689e-18
6.223003000000000000e+09 4.063220327543299626e-18
6.486344000000000000e+09 4.389208790111405042e-18
6.760830000000000000e+09 3.877832385978741761e-18
7.046931000000000000e+09 3.618127678833839387e-18
7.345139000000000000e+09 3.251906243374489413e-18
7.655966000000000000e+09 3.823590845972584793e-18
7.979947000000000000e+09 2.623404793072609531e-18
8.317638000000000000e+09 2.820661400019027254e-18
8.669619000000000000e+09 2.306977230600753305e-18
9.036495000000000000e+09 2.609349546597286593e-18
9.418896000000000000e+09 2.752325282340786840e-18
9.817479000000000000e+09 1.645772244233582982e-18
1.023293000000000000e+10 2.071567746481713264e-18
1.066596000000000000e+10 1.780059207430651330e-18
1.111732000000000000e+10 1.670270277439729026e-18
1.158777000000000000e+10 1.704813422903374890e-18
1.207814000000000000e+10 1.750859352546821591e-18
1.258925000000000000e+10 1.521997067741573631e-18
1.312200000000000000e+10 1.194964838913684043e-18
1.367729000000000000e+10 1.105150463207355969e-18
1.425608000000000000e+10 1.086379729429826084e-18
1.485936000000000000e+10 1.050968080934121589e-18
1.548817000000000000e+10 1.108548014222784620e-18
1.614359000000000000e+10 1.083868097246040087e-18
1.682674000000000000e+10 8.647535547287956907e-19
1.753881000000000000e+10 7.645939675230423856e-19
1.828100000000000000e+10 8.361169440400076520e-19
1.905461000000000000e+10 7.064301915288033048e-19
1.986095000000000000e+10 6.581010898176443121e-19
2.070141000000000000e+10 4.589532132705329502e-19
2.157744000000000000e+10 5.389954634785612511e-19
2.249055000000000000e+10 5.961875718922181500e-19
2.344229000000000000e+10 4.354067173189397327e-19
2.443431000000000000e+10 6.154784861871439826e-19
2.546830000000000000e+10 3.235959590141986525e-19
2.654606000000000000e+10 4.896636064306672919e-19
2.766942000000000000e+10 3.989738482493315029e-19
2.884032000000000000e+10 4.033783377485709755e-19
3.006076000000000000e+10 2.839632126423919555e-19
3.133286000000000000e+10 3.876392539171367457e-19
3.265878000000000000e+10 3.793857452536251003e-19
3.404082000000000000e+10 2.782625917241199806e-19
3.548134000000000000e+10 2.292381266401509966e-19
3.698282000000000000e+10 2.742428218426504808e-19
3.854784000000000000e+10 2.489594478243222990e-19
4.017908000000000000e+10 2.214447890949549901e-19
4.187936000000000000e+10 1.999830225414512123e-19
4.365158000000000000e+10 1.741004716962401926e-19
4.549881000000000000e+10 1.911253084921360354e-19
4.742420000000000000e+10 1.876916428906439412e-19
4.943107000000000000e+10 1.580091074248174013e-19
5.152286000000000000e+10 1.704839200373774862e-19
5.370318000000000000e+10 1.535307731306841241e-19
5.597576000000000000e+10 1.393941342397474042e-19
5.834451000000000000e+10 1.278743962072318622e-19
6.081350000000000000e+10 1.250063452149566797e-19
6.338697000000000000e+10 1.154699595000838934e-19
6.606934000000000000e+10 1.037608533147513759e-19
6.886523000000000000e+10 1.029135019151528168e-19
7.177943000000000000e+10 8.135197445932684555e-20
7.481695000000000000e+10 8.829881347264726827e-20
7.798301000000000000e+10 7.688885871356320504e-20
8.128305000000000000e+10 7.770674891611916987e-20
8.472274000000000000e+10 7.541564312051673923e-20
8.830799000000000000e+10 5.776847672122650236e-20
9.204496000000000000e+10 5.285614706032265533e-20
9.594006000000000000e+10 5.866347768429038632e-20
