# k [1/Mpc], Window(k) [Mpc]
9.999999999999999547e-08 7.539220960366063751e+06
1.042317000000000002e-07 6.888699214769261889e+06
1.086425999999999937e-07 6.294944227112444118e+06
1.132400000000000002e-07 5.752935502136939205e+06
1.180320999999999998e-07 5.258103479588590562e+06
1.230268999999999884e-07 4.806288903945236467e+06
1.282330999999999997e-07 4.393705014277640730e+06
1.336595999999999986e-07 4.016903622199137695e+06
1.393156999999999986e-07 3.672743763845590409e+06
1.452112000000000000e-07 3.358364524666557554e+06
1.513560999999999877e-07 3.071159418171063066e+06
1.577610999999999978e-07 2.808752845824363176e+06
1.644371999999999896e-07 2.568980183740479872e+06
1.713957000000000053e-07 2.349867793446698692e+06
1.786487999999999897e-07 2.149616737952134106e+06
1.862086999999999937e-07 1.966586391560726566e+06
1.940885999999999900e-07 1.799280842058843002e+06
2.023018999999999886e-07 1.646335428456867812e+06
2.108627999999999895e-07 1.506505469585911138e+06
2.197860000000000068e-07 1.378655477332678856e+06
2.290868000000000076e-07 1.261749151759220986e+06
2.387810999999999914e-07 1.154841045047328807e+06
2.488857000000000195e-07 1.057068077544622589e+06
2.594178999999999820e-07 9.676426156520197401e+05
2.703957999999999972e-07 8.858455600635301089e+05
2.818383000000000151e-07 8.110203546570389299e+05
2.937649999999999839e-07 7.425675821010371437e+05
3.061963000000000007e-07 6.799398638131027110e+05
3.191538000000000160e-07 6.226372673794924049e+05
3.326595999999999939e-07 5.702031238864865154e+05
3.467369000000000242e-07 5.222203772665741853e+05
3.614099000000000128e-07 4.783079716462602955e+05
3.767037999999999986e-07 4.381177899349629879e+05
3.926448999999999877e-07 4.013317379336162703e+05
4.092606999999999981e-07 3.676591477981184144e+05
4.265794999999999851e-07 3.368343977050133981e+05
4.446312999999999827e-07 3.086146821616286761e+05
4.634469000000000152e-07 2.827781115924170008e+05
4.830588000000000268e-07 2.591218425445304892e+05
5.035005999999999816e-07 2.374604270684828225e+05
5.248075000000000359e-07 2.176243339813889179e+05
5.470160000000000326e-07 1.994585534161632531e+05
5.701643000000000520e-07 1.828213297929585096e+05
5.942922000000000493e-07 1.675830538818867935e+05
6.194410999999999602e-07 1.536251809657762351e+05
6.456542000000000032e-07 1.408392921844205994e+05
6.729767000000000284e-07 1.291262232058774534e+05
7.014553000000000330e-07 1.183952592966429511e+05
7.311391000000000384e-07 1.085634236222130858e+05
7.620790000000000307e-07 9.955480027674796293e+04
7.943281999999999752e-07 9.129992301675550698e+04
8.279422000000000272e-07 8.373524274272062758e+04
8.629784999999999742e-07 7.680260717749623291e+04
8.994976000000000037e-07 7.044879595838804380e+04
9.375620000000000411e-07 6.462510753090675280e+04
9.772371999999999886e-07 5.928696292958068079e+04
1.018591000000000045e-06 5.439357016774286603e+04
1.061696000000000033e-06 4.990757791158869804e+04
1.106623999999999944e-06 4.579480518363853480e+04
1.153453000000000025e-06 4.202395465155899728e+04
1.202263999999999972e-06 3.856637461433597491e+04
1.253140999999999985e-06 3.539583089398436277e+04
1.306170999999999924e-06 3.248830362885297291e+04
1.361444999999999973e-06 2.982179906359800952e+04
1.419058000000000000e-06 2.737617486093898333e+04
1.479107999999999959e-06 2.513298425543879421e+04
1.541699999999999995e-06 2.307533393265793347e+04
1.606941000000000095e-06 2.118775026133979190e+04
1.674942999999999965e-06 1.945605999157023325e+04
1.745822000000000054e-06 1.786728019100661550e+04
1.819700999999999944e-06 1.640951650660323867e+04
1.896705999999999938e-06 1.507187358986370054e+04
1.976969999999999895e-06 1.384436788213681029e+04
2.060630000000000208e-06 1.271785239176820141e+04
2.147829999999999983e-06 1.168394565978179526e+04
2.238721000000000211e-06 1.073496767022374661e+04
2.333457999999999877e-06 9.863878984317301729e+03
2.432203999999999880e-06 9.064230036971877780e+03
2.535128999999999830e-06 8.330108223309280220e+03
2.642408999999999928e-06 7.656094795526274538e+03
2.754228999999999986e-06 7.037222636054292707e+03
2.870780999999999798e-06 6.468938406798385586e+03
2.992264999999999802e-06 5.947067156099081330e+03
3.118890000000000051e-06 5.467782626546183565e+03
3.250872999999999969e-06 5.027575652667379472e+03
3.388441999999999922e-06 4.623228791835479569e+03
3.531831999999999832e-06 4.251792106069708097e+03
3.681289999999999952e-06 3.910560094826178556e+03
3.837072000000000148e-06 3.597051611435819723e+03
3.999446999999999589e-06 3.308991125872099929e+03
4.168693999999999834e-06 3.044291452836490407e+03
4.345101999999999755e-06 2.801038075770768955e+03
4.528976000000000360e-06 2.577475108639891459e+03
4.720629999999999728e-06 2.371991387999520157e+03
4.920395000000000008e-06 2.183108790786011468e+03
5.128614000000000293e-06 2.009471401495693499e+03
5.345643999999999636e-06 1.849834851172204935e+03
5.571856999999999837e-06 1.703057342604558244e+03
5.807643999999999617e-06 1.568091184227136182e+03
6.053408999999999965e-06 1.443974737182835725e+03
6.309573000000000008e-06 1.329825513811633073e+03
6.576577999999999665e-06 1.224833457858498150e+03
6.854882000000000144e-06 1.128255057227815087e+03
7.144962999999999815e-06 1.039407718737455525e+03
7.447320000000000383e-06 9.576648465555616667e+02
7.762470999999999629e-06 8.824511024165207118e+02
8.090959000000000473e-06 8.132382686498216344e+02
8.433348000000000694e-06 7.495412658232430658e+02
8.790224999999999344e-06 6.909147546020204800e+02
9.162205000000000482e-06 6.369496228472319217e+02
9.549925999999999272e-06 5.872701926505633310e+02
9.954053999999999276e-06 5.415313602354713112e+02
1.037528000000000072e-05 4.994162067982765620e+02
1.081434000000000021e-05 4.606334986546003165e+02
1.127196999999999942e-05 4.249157447894768325e+02
1.174898000000000080e-05 3.920171413512773597e+02
1.224616000000000033e-05 3.617118943317541948e+02
1.276439000000000028e-05 3.337924182077011892e+02
1.330454000000000052e-05 3.080680363378353945e+02
1.386755999999999975e-05 2.843634597672941027e+02
1.445440000000000005e-05 2.625175806280213351e+02
1.506606999999999922e-05 2.423823108404156130e+02
1.570362999999999859e-05 2.238215352066278001e+02
1.636817000000000155e-05 2.067100730410566882e+02
1.706081999999999906e-05 1.909328594320797379e+02
1.778279000000000123e-05 1.763840956426601849e+02
1.853531999999999993e-05 1.629664655902610946e+02
1.931967999999999931e-05 1.505904918597934170e+02
2.013724000000000034e-05 1.391738655342101652e+02
2.098939999999999931e-05 1.286408875172751607e+02
2.187762000000000010e-05 1.189219192614762761e+02
2.280342000000000062e-05 1.099528821936221448e+02
2.376840000000000100e-05 1.016748336059319229e+02
2.477421999999999876e-05 9.403352413724333303e+01
2.582259999999999905e-05 8.697904893603599419e+01
2.691534999999999972e-05 8.046545644169582090e+01
2.805433999999999947e-05 7.445047104348435596e+01
2.924151999999999917e-05 6.889516550348263024e+01
3.047895000000000064e-05 6.376370235696297328e+01
3.176874000000000240e-05 5.902309511888899607e+01
3.311311000000000050e-05 5.464296399769926893e+01
3.451437000000000070e-05 5.059532806226280854e+01
3.597493000000000218e-05 4.685442813194131872e+01
3.749729999999999757e-05 4.339652825013580184e+01
3.908409000000000004e-05 4.019976491147333775e+01
4.073802999999999729e-05 3.724399517518347125e+01
4.246195999999999825e-05 3.451066365229523569e+01
4.425883999999999992e-05 3.198266404574829735e+01
4.613176000000000163e-05 2.964423696441629374e+01
4.808392999999999755e-05 2.748085161363040996e+01
5.011871999999999980e-05 2.547911530926980817e+01
5.223962000000000180e-05 2.362668083546152786e+01
5.445027000000000070e-05 2.191216181402930019e+01
5.675445999999999735e-05 2.032505946928398899e+01
5.915615999999999843e-05 1.885568829403907287e+01
6.165949999999999469e-05 1.749511600700508041e+01
6.426877000000000165e-05 1.623510214181924027e+01
6.698845999999999458e-05 1.506804289806316532e+01
6.982324000000000202e-05 1.398692096262140261e+01
7.277797999999999874e-05 1.298526088847929216e+01
7.585776000000000129e-05 1.205708521479082940e+01
7.906785999999999958e-05 1.119687625428732503e+01
8.241381000000000097e-05 1.039953952576237839e+01
8.590135000000000045e-05 9.660370398566163530e+00
8.953647999999999761e-05 8.975023005207123816e+00
9.332542999999999460e-05 8.339485773949057545e+00
9.727472000000000028e-05 7.750050521006814463e+00
1.013910999999999990e-04 7.203292143843942341e+00
1.056817999999999950e-04 6.696045968412081884e+00
1.101538999999999958e-04 6.225386390396132619e+00
1.148154000000000053e-04 5.788610190678656231e+00
1.196740999999999999e-04 5.383218239593677623e+00
1.247383999999999982e-04 5.006899439154985920e+00
1.300170000000000123e-04 4.657517300868157406e+00
1.355189000000000079e-04 4.333095871714590430e+00
1.412538000000000129e-04 4.031807250378024676e+00
1.472312999999999942e-04 3.751960800804551521e+00
1.534616999999999947e-04 3.491992375659082271e+00
1.599558000000000110e-04 3.250454265331372383e+00
1.667247000000000065e-04 3.026007176190025127e+00
1.737801000000000135e-04 2.817411050513329851e+00
1.811340000000000042e-04 2.623518346489369435e+00
1.887990999999999996e-04 2.443266194117712065e+00
1.967886000000000017e-04 2.275670887685248278e+00
2.051161999999999929e-04 2.119820961302231410e+00
2.137961999999999979e-04 1.974872518099479946e+00
2.228435000000000019e-04 1.840043588166599964e+00
2.322737000000000120e-04 1.714609979037002629e+00
2.421028999999999889e-04 1.597900324155029805e+00
2.523480999999999836e-04 1.489292560863550330e+00
2.630267999999999734e-04 1.388210159230246266e+00
2.741573999999999986e-04 1.294118640806834142e+00
2.857590999999999929e-04 1.206522512128907376e+00
2.978516000000000063e-04 1.124962229155670457e+00
3.104560000000000240e-04 1.049011656471323439e+00
3.235937000000000253e-04 9.782756413533969519e-01
3.372873000000000190e-04 9.123874348976657167e-01
3.515603999999999756e-04 8.510069553676561371e-01
3.664375999999999896e-04 7.938185639294925711e-01
3.819442999999999948e-04 7.405293465025236666e-01
3.981071999999999888e-04 6.908674378762591495e-01
4.149539999999999848e-04 6.445805150551419116e-01
4.325137999999999856e-04 6.014342551133147197e-01
4.508167000000000099e-04 5.612111262519142718e-01
4.698940999999999773e-04 5.237090862159408111e-01
4.897788000000000141e-04 4.887405838694003912e-01
5.105049999999999649e-04 4.561312751580998137e-01
5.321082999999999889e-04 4.257192439120953686e-01
5.546257000000000183e-04 3.973540596351371468e-01
5.780959999999999484e-04 3.708958874963732000e-01
6.025596000000000034e-04 3.462147527739706798e-01
6.280584000000000514e-04 3.231898198438454273e-01
6.546361999999999581e-04 3.017087247633710168e-01
6.823387000000000202e-04 2.816669435064198534e-01
7.112134999999999898e-04 2.629672561828196309e-01
7.413101999999999756e-04 2.455191734791856428e-01
7.726805999999999692e-04 2.292384392110063951e-01
8.053783999999999596e-04 2.140466333327798176e-01
8.394599999999999892e-04 1.998706879946905712e-01
8.749838000000000234e-04 1.866425222556081509e-01
9.120108000000000468e-04 1.742986963446525595e-01
9.506048000000000232e-04 1.627800610340118526e-01
9.908319000000000501e-04 1.520314663662940824e-01
1.032761000000000096e-03 1.420014794945439474e-01
1.076464999999999974e-03 1.326421329616880307e-01
1.122018000000000017e-03 1.239086811074089356e-01
1.169499000000000059e-03 1.157594036592102527e-01
1.218990000000000091e-03 1.081553854231202261e-01
1.270574000000000009e-03 1.010603335924688678e-01
1.324342000000000054e-03 9.444041135626618511e-02
1.380383999999999908e-03 8.826407325476259835e-02
1.438798999999999937e-03 8.250190329273385248e-02
1.499684999999999950e-03 7.712648328712905232e-02
1.563148000000000098e-03 7.211221767319471454e-02
1.629295999999999913e-03 6.743524617321378090e-02
1.698244000000000012e-03 6.307331670121055223e-02
1.770108999999999962e-03 5.900563416176413806e-02
1.845014999999999980e-03 5.521279970616924104e-02
1.923091999999999944e-03 5.167671411310371249e-02
2.004472000000000198e-03 4.838047420036948459e-02
2.089296000000000035e-03 4.530830491874775212e-02
2.177709999999999802e-03 4.244548607112628991e-02
2.269864999999999817e-03 3.977828176913655173e-02
2.365920000000000089e-03 3.729386877524448057e-02
2.466039000000000165e-03 3.498028346224646423e-02
2.570395999999999966e-03 3.282636558481228511e-02
2.679168000000000001e-03 3.082169823867434919e-02
2.792544000000000103e-03 2.895657070904906691e-02
2.910717000000000165e-03 2.722193097110951060e-02
3.033890999999999932e-03 2.560934090767227889e-02
3.162278000000000137e-03 2.411094497523097804e-02
3.296097000000000003e-03 2.271942705182864938e-02
3.435578999999999803e-03 2.142798788312949912e-02
3.580963999999999849e-03 2.023030579635090934e-02
3.732501999999999955e-03 1.912051575363711564e-02
3.890451000000000065e-03 1.809318467342539705e-02
4.055084999999999940e-03 1.714328505852629955e-02
4.226686000000000332e-03 1.626617802256238518e-02
4.405548999999999923e-03 1.545759528420406238e-02
4.591979999999999847e-03 1.471362019734328251e-02
4.786300999999999750e-03 1.403067822219079656e-02
4.988845000000000432e-03 1.340552107164347771e-02
5.199959999999999999e-03 1.283522105729178672e-02
5.420008999999999938e-03 1.231715858347367902e-02
5.649369999999999913e-03 1.184901918202725668e-02
5.888436999999999838e-03 1.142878717174306002e-02
6.137619999999999881e-03 1.105474112804803039e-02
6.397347999999999750e-03 1.072545367751088011e-02
6.668068000000000085e-03 1.043978250119493092e-02
6.950243000000000046e-03 1.019686577177326102e-02
7.244360000000000036e-03 9.996106370280340506e-03
7.550921999999999842e-03 9.837151123731251515e-03
7.870458000000000315e-03 9.719852846349366637e-03
8.203514999999999766e-03 9.644195111002380402e-03
8.550666999999999643e-03 9.610195718366285056e-03
8.912509000000000750e-03 9.617736420637040817e-03
9.289663999999999561e-03 9.666311131598848486e-03
9.682779000000000733e-03 9.754663464906937823e-03
1.009253000000000060e-02 4.224286289537435013e-02
1.051962000000000036e-02 3.788077539217656053e-02
1.096478000000000036e-02 3.400912204142183398e-02
1.142877999999999949e-02 3.057199193301309015e-02
1.191241999999999995e-02 2.751996726690598624e-02
1.241652000000000033e-02 2.480938131723211051e-02
1.294196000000000062e-02 2.240168704451039883e-02
1.348963000000000072e-02 2.026287178319127052e-02
1.406048000000000020e-02 1.836294627520009687e-02
1.465548000000000024e-02 1.667547685313949812e-02
1.527565999999999993e-02 1.517715585216528051e-02
1.592208999999999985e-02 1.384740784778505131e-02
1.659586999999999868e-02 1.266802191718472206e-02
1.729815999999999993e-02 1.162281911503896918e-02
1.803017999999999982e-02 1.069735132782134550e-02
1.879317000000000140e-02 9.878644271199204380e-03
1.958845000000000031e-02 9.154994304502003105e-03
2.041737999999999886e-02 8.515833882841921526e-03
2.128139000000000072e-02 7.951657020817284524e-03
2.218196000000000057e-02 7.454006280080587195e-03
2.312064999999999954e-02 7.015488520779576860e-03
2.409905000000000033e-02 6.629772261983739312e-03
2.511885999999999980e-02 6.291513642903079177e-03
2.618182999999999969e-02 5.996163299122942228e-03
2.728977999999999959e-02 5.739646800562995393e-03
2.844460999999999865e-02 5.517972027331464677e-03
2.964831000000000064e-02 5.326854428063757842e-03
3.090294999999999848e-02 5.161488098579438549e-03
3.221069000000000015e-02 5.016531021650263468e-03
3.357376000000000110e-02 4.886296439367394939e-03
3.499452000000000118e-02 4.765047150666026216e-03
3.647539000000000337e-02 4.647290417422587916e-03
3.801894000000000107e-02 4.528051044270965317e-03
3.962779999999999775e-02 4.403228194810961116e-03
4.130475000000000119e-02 4.270113535641138075e-03
4.305265999999999954e-02 4.127962411725518040e-03
4.487453999999999749e-02 3.978328721343886258e-03
4.677350999999999731e-02 3.824891411256012286e-03
4.875285000000000035e-02 3.672737027345007472e-03
5.081593999999999695e-02 3.527303761204267016e-03
5.296634000000000064e-02 3.393279171789337877e-03
5.520773999999999820e-02 3.273689804378822864e-03
5.754399000000000319e-02 3.169319213158616928e-03
5.997911000000000215e-02 3.078501902283766779e-03
6.251726999999999979e-02 2.997321337524758850e-03
6.516283999999999965e-02 2.920340987890840748e-03
6.792035999999999907e-02 2.842038685597484456e-03
7.079457999999999585e-02 2.758765537023052591e-03
7.379041999999999546e-02 2.670393496627909442e-03
7.691304000000000196e-02 2.580574794167723746e-03
8.016781000000000601e-02 2.495148080676391333e-03
8.356030000000000402e-02 2.419326429944287059e-03
8.709635999999999767e-02 2.354987011456506109e-03
9.078205000000000302e-02 2.299363609888036789e-03
9.462371999999999450e-02 2.246119844131619619e-03
9.862795000000000589e-02 2.189029658166813472e-03
1.028016000000000069e-01 2.126541516122872760e-03
1.071518999999999944e-01 2.063441922641529210e-03
1.116863000000000022e-01 2.007222607543888808e-03
1.164126000000000050e-01 1.961605775084266680e-03
1.213388999999999995e-01 1.922772152538162332e-03
1.264735999999999916e-01 1.882500050871886623e-03
1.318256999999999901e-01 1.836858333377011133e-03
1.374042000000000041e-01 1.791163556920003300e-03
1.432188000000000072e-01 1.753344119918928950e-03
1.492794000000000065e-01 1.722984461915379314e-03
1.555966000000000016e-01 1.691478514152536684e-03
1.621809999999999918e-01 1.655521521001282123e-03
1.690441000000000027e-01 1.623252482474960966e-03
1.761976000000000098e-01 1.599602231670105724e-03
1.836538000000000059e-01 1.576084595999483872e-03
1.914256000000000013e-01 1.547610238209819970e-03
1.995261999999999869e-01 1.523942740265994038e-03
2.079697000000000073e-01 1.507218813256493888e-03
2.167704000000000020e-01 1.486619727735994517e-03
2.259435999999999944e-01 1.466567732463475073e-03
2.355048999999999892e-01 1.453962092115166239e-03
2.454708999999999919e-01 1.437818253572704496e-03
2.558585999999999916e-01 1.423255534774525884e-03
2.666858999999999758e-01 1.414762453341668856e-03
2.779712999999999767e-01 1.401368178926385268e-03
2.897344000000000031e-01 1.394216945005918125e-03
3.019952000000000192e-01 1.385826247670858156e-03
3.147748000000000212e-01 1.379095180598113824e-03
3.280952999999999786e-01 1.374595140588927376e-03
3.419793999999999889e-01 1.369273082523491357e-03
3.564511000000000207e-01 1.367149938126427031e-03
3.715352000000000099e-01 1.364424175475923004e-03
3.872575999999999796e-01 1.362993059705682082e-03
4.036453999999999875e-01 1.363760101648654440e-03
4.207266000000000061e-01 1.362258872714352262e-03
4.385306999999999955e-01 1.365204568041726791e-03
4.570882000000000001e-01 1.366351733905289429e-03
4.764309999999999934e-01 1.367404903419117308e-03
4.965922999999999865e-01 1.371439124706537969e-03
5.176068000000000335e-01 1.374962621791933019e-03
5.395105999999999513e-01 1.377209525441221031e-03
5.623413000000000439e-01 1.379986024560364523e-03
5.861382000000000536e-01 1.383825039260486774e-03
6.109419999999999851e-01 1.388008531759947744e-03
6.367954999999999588e-01 1.392001395342266001e-03
6.637431000000000303e-01 1.395651877104702159e-03
6.918309999999999738e-01 1.398969658173781225e-03
7.211075000000000124e-01 1.401912092972827737e-03
7.516228999999999827e-01 1.404386882292438200e-03
7.834295999999999482e-01 1.406504055194645556e-03
8.165824000000000416e-01 1.408914671491363858e-03
8.511379999999999502e-01 1.412129488421625658e-03
8.871559999999999446e-01 1.414381775335170994e-03
9.246982000000000257e-01 1.414627638053521375e-03
9.638290000000000468e-01 1.417292523990210497e-03
1.004615999999999953e+00 1.417936875826543734e-03
1.047128999999999976e+00 1.419476787593599307e-03
1.091439999999999966e+00 1.419414463755280407e-03
1.137626999999999944e+00 1.421852490460636222e-03
1.185769000000000073e+00 1.421358379143013813e-03
1.235946999999999907e+00 1.420731716627506849e-03
1.288249999999999895e+00 1.421268184114993921e-03
1.342764999999999986e+00 1.421833906942161947e-03
1.399586999999999914e+00 1.421617746959447006e-03
1.458814000000000055e+00 1.420257770132366589e-03
1.520548000000000011e+00 1.419553958196441293e-03
1.584893000000000107e+00 1.425849643234913117e-03
1.651961999999999930e+00 1.429171483479777177e-03
1.721869000000000094e+00 1.408637943500233580e-03
1.794734000000000052e+00 1.426346033728650292e-03
1.870681999999999956e+00 1.432806225376865401e-03
1.949845000000000050e+00 1.409681430974649716e-03
2.032357000000000191e+00 1.409387785980561027e-03
2.118361000000000161e+00 1.432389812365752416e-03
2.208004999999999995e+00 1.428700620634345761e-03
2.301442000000000210e+00 1.404992728118870191e-03
2.398833000000000215e+00 1.403713688181108246e-03
2.500344999999999818e+00 1.428080988928353895e-03
2.606154000000000082e+00 1.434479126316638362e-03
2.716438999999999826e+00 1.413232929007456409e-03
2.831392000000000131e+00 1.394577826317520194e-03
2.951208999999999971e+00 1.401418672547790874e-03
3.076096999999999859e+00 1.421357266031351724e-03
3.206268999999999814e+00 1.439243846564452426e-03
3.341950000000000198e+00 1.420509705420615722e-03
3.483372999999999831e+00 1.392195834586251822e-03
3.630780999999999814e+00 1.390588605297928861e-03
3.784425999999999846e+00 1.381909173707391962e-03
3.944573000000000107e+00 1.417907829960326094e-03
4.111496999999999957e+00 1.426028289491081472e-03
4.285485000000000433e+00 1.440702257589929289e-03
4.466835999999999807e+00 1.415022854664492111e-03
4.655860999999999805e+00 1.403500399015082493e-03
4.852884999999999671e+00 1.368649428844522821e-03
5.058246999999999716e+00 1.380384817952381949e-03
5.272299000000000291e+00 1.365152923870764515e-03
5.495409000000000432e+00 1.404121719560549311e-03
5.727960000000000385e+00 1.416548201203392384e-03
5.970353000000000243e+00 1.418918740980228479e-03
6.223003000000000284e+00 1.447369093917565564e-03
6.486343999999999888e+00 1.425938917320687368e-03
6.760830000000000339e+00 1.418540069121324368e-03
7.046930999999999834e+00 1.410320912968777464e-03
7.345138999999999641e+00 1.362514748445450147e-03
7.655966000000000271e+00 1.347457334516643374e-03
7.979947000000000124e+00 1.352818840323456858e-03
8.317638000000000531e+00 1.354594444838819623e-03
8.669619000000000852e+00 1.340926781364499025e-03
9.036495000000000388e+00 1.331655442343920338e-03
9.418896000000000157e+00 1.397061787016937520e-03
9.817479000000000511e+00 1.394772458240319674e-03
1.023292999999999964e+01 1.400914488154181639e-03
1.066596000000000011e+01 1.378223683197298032e-03
1.111731999999999942e+01 1.437927326432226821e-03
1.158777000000000079e+01 1.462959272985366087e-03
1.207813999999999943e+01 1.465264813651237074e-03
1.258924999999999983e+01 1.439780036976671821e-03
1.312199999999999989e+01 1.386156933908785525e-03
1.367728999999999928e+01 1.408270113347401438e-03
1.425608000000000075e+01 1.394811753206910178e-03
1.485936000000000057e+01 1.399827209379358875e-03
1.548817000000000021e+01 1.407309102815166788e-03
1.614358999999999966e+01 1.383315379164482342e-03
1.682674000000000092e+01 1.308498035976322785e-03
1.753881000000000157e+01 1.300474906273721898e-03
1.828099999999999881e+01 1.290611668518247372e-03
1.905461000000000027e+01 1.267952720418587557e-03
1.986094999999999899e+01 1.266281858866303558e-03
2.070140999999999920e+01 1.335906124352032997e-03
2.157743999999999929e+01 1.313965347441661434e-03
2.249054999999999893e+01 1.316173565986673670e-03
2.344228999999999985e+01 1.269088721079058039e-03
2.443430999999999997e+01 1.251370992581047649e-03
2.546829999999999927e+01 1.304676395697425837e-03
2.654606000000000066e+01 1.252297095346599411e-03
2.766941999999999879e+01 1.226084208156964653e-03
2.884031999999999840e+01 1.244871488524531850e-03
3.006075999999999837e+01 1.243345309807105184e-03
3.133286000000000016e+01 1.252475529860847979e-03
3.265878000000000014e+01 1.330144759148475537e-03
3.404081999999999653e+01 1.396480264596829547e-03
3.548134000000000299e+01 1.376160434452978337e-03
3.698281999999999670e+01 1.326001473256998306e-03
3.854784000000000077e+01 1.348285211538947882e-03
4.017907999999999902e+01 1.343777793703588306e-03
4.187935999999999837e+01 1.372025359018027137e-03
4.365158000000000271e+01 1.328337569951478772e-03
4.549880999999999887e+01 1.338275410898195775e-03
4.742419999999999902e+01 1.338468115701897491e-03
4.943106999999999829e+01 1.447663338257578489e-03
5.152286000000000143e+01 1.343377421171723998e-03
5.370318000000000325e+01 1.271471399246401927e-03
5.597576000000000107e+01 1.267213429345908108e-03
5.834450999999999965e+01 1.217689925992429534e-03
6.081349999999999767e+01 1.198384811801235864e-03
6.338696999999999804e+01 1.259122247806565738e-03
6.606933999999999685e+01 1.271040008698678470e-03
6.886522999999999683e+01 1.312856311403139435e-03
7.177943000000000495e+01 1.391462471157085563e-03
7.481695000000000562e+01 1.292613752067752874e-03
7.798300999999999306e+01 1.336769266068874853e-03
8.128305000000000291e+01 1.237337148163524013e-03
8.472274000000000171e+01 1.323565633279568396e-03
8.830799000000000376e+01 1.389160892224900259e-03
9.204496000000000322e+01 1.490248513721277330e-03
9.594006000000000256e+01 1.402845093488297185e-03
1.000000000000000000e+02 1.313913442939229018e-03
1.042317000000000036e+02 1.338119602964529678e-03
1.086426000000000016e+02 1.466941945153460089e-03
1.132399999999999949e+02 1.344911963557698974e-03
1.180320999999999998e+02 1.263353050970755440e-03
1.230268999999999977e+02 1.333809670416460230e-03
1.282331000000000074e+02 1.375370316286278309e-03
1.336596000000000117e+02 1.318299011598813913e-03
1.393156999999999925e+02 1.332435047216805639e-03
1.452111999999999910e+02 1.302196157151625736e-03
1.513560999999999979e+02 1.348309064392174544e-03
1.577610999999999990e+02 1.213224289749055638e-03
1.644371999999999900e+02 1.340746439567100032e-03
1.713957000000000050e+02 1.318146327231038781e-03
1.786487999999999943e+02 1.260553842293113489e-03
1.862086999999999932e+02 1.329117259700640869e-03
1.940886000000000138e+02 1.413841808747331357e-03
2.023018999999999892e+02 1.389792405984662492e-03
2.108627999999999929e+02 1.448923381245122242e-03
2.197860000000000014e+02 1.538597715287420495e-03
2.290868000000000109e+02 1.608089407783153861e-03
2.387811000000000092e+02 1.469147214817769767e-03
2.488857000000000141e+02 1.546966926020416477e-03
2.594178999999999746e+02 1.421847834697819064e-03
2.703958000000000084e+02 1.334634595205272346e-03
2.818383000000000038e+02 1.239272964733295884e-03
2.937649999999999864e+02 1.388080336260397217e-03
3.061963000000000079e+02 1.468330955899790641e-03
3.191537999999999897e+02 1.346393611045573714e-03
3.326596000000000117e+02 1.454385454855980017e-03
3.467368999999999915e+02 1.404916726982060465e-03
3.614098999999999933e+02 1.490057682962560347e-03
3.767038000000000011e+02 1.480152572920994270e-03
3.926449000000000069e+02 1.586332088066320922e-03
4.092606999999999857e+02 1.352216363836863250e-03
4.265794999999999959e+02 1.371905368687966744e-03
4.446313000000000102e+02 1.409831774187679954e-03
4.634469000000000278e+02 1.489754331920188852e-03
4.830588000000000193e+02 1.520349810470109694e-03
5.035006000000000199e+02 1.388509319337709498e-03
5.248075000000000045e+02 1.312593626456881081e-03
5.470159999999999627e+02 1.664166387128179466e-03
5.701643000000000256e+02 1.608203971448000924e-03
5.942921999999999798e+02 1.462484540140515654e-03
6.194411000000000058e+02 1.436100149768690555e-03
6.456541999999999462e+02 1.379518368143797715e-03
6.729767000000000507e+02 1.419852866178902785e-03
7.014552999999999656e+02 1.460199288286830521e-03
7.311390999999999849e+02 1.446015944136423053e-03
7.620789999999999509e+02 1.382488241497249358e-03
7.943282000000000380e+02 1.553545665280337039e-03
8.279421999999999571e+02 1.429811580293263544e-03
8.629785000000000537e+02 1.624070448408550119e-03
8.994976000000000340e+02 1.675384381974733125e-03
9.375620000000000118e+02 1.462747806869208302e-03
9.772372000000000298e+02 1.429980050379373382e-03
1.018591000000000008e+03 1.795752882251456422e-03
1.061695999999999913e+03 1.538146079953086687e-03
1.106624000000000024e+03 1.559169376949759824e-03
1.153452999999999975e+03 1.534181905804612653e-03
1.202263999999999896e+03 1.723605671912723826e-03
1.253141000000000076e+03 1.635636046360793234e-03
1.306171000000000049e+03 1.635478445192970051e-03
1.361444999999999936e+03 1.585091183506268835e-03
1.419057999999999993e+03 1.840438981031040054e-03
1.479107999999999947e+03 1.746575681460148938e-03
1.541700000000000045e+03 1.765302294077389453e-03
1.606941000000000031e+03 1.689584779973503370e-03
1.674942999999999984e+03 1.667299619312123194e-03
1.745821999999999889e+03 1.667967228136020726e-03
1.819701000000000022e+03 1.948962251454292548e-03
1.896705999999999904e+03 1.632963224756642413e-03
1.976970000000000027e+03 1.625101559895149013e-03
2.060630000000000109e+03 1.730082726452007030e-03
2.147829999999999927e+03 1.795874746502717969e-03
2.238721000000000004e+03 1.778827912982335318e-03
2.333458000000000084e+03 1.792013008833936907e-03
2.432204000000000178e+03 1.854573257153542152e-03
2.535128999999999905e+03 1.995052855451508438e-03
2.642409000000000106e+03 1.706267471284533778e-03
2.754228999999999814e+03 1.914267486208091895e-03
2.870780999999999949e+03 1.951492345640437696e-03
2.992264999999999873e+03 1.910907656888234229e-03
3.118889999999999873e+03 2.046358481654673468e-03
3.250873000000000047e+03 2.103251735075324386e-03
3.388442000000000007e+03 2.125788989234527609e-03
3.531831999999999880e+03 2.092145731179614367e-03
3.681289999999999964e+03 1.963683979551099010e-03
3.837072000000000116e+03 2.145141449189225027e-03
3.999447000000000116e+03 1.956588838232776149e-03
4.168694000000000415e+03 2.078720690071002991e-03
4.345101999999999862e+03 2.339337150062445903e-03
4.528975999999999658e+03 2.135036142790853238e-03
4.720630000000000109e+03 2.230022455561728005e-03
4.920395000000000437e+03 2.115759860332107247e-03
5.128613999999999578e+03 2.547032284620281192e-03
5.345644000000000233e+03 2.283338285156975064e-03
5.571856999999999971e+03 2.102872962164084938e-03
5.807644000000000233e+03 2.545537279034707293e-03
6.053408999999999651e+03 2.659141123721090079e-03
6.309573000000000320e+03 2.247600148811579150e-03
6.576578000000000429e+03 2.282934865942075776e-03
6.854881999999999607e+03 2.796480104304418894e-03
7.144962999999999738e+03 2.500949446345314148e-03
7.447319999999999709e+03 2.593711492870236224e-03
7.762470999999999549e+03 2.704430208566823823e-03
8.090958999999999833e+03 2.576894788184539917e-03
8.433347999999999956e+03 2.943528361285357477e-03
8.790225000000000364e+03 2.551467391882848625e-03
9.162204999999999927e+03 2.758387940845666731e-03
9.549925999999999476e+03 3.054339663403707501e-03
9.954054000000000087e+03 2.663082726817315310e-03
1.037528000000000065e+04 2.856964602680146272e-03
1.081434000000000015e+04 2.752679324774176366e-03
1.127196999999999935e+04 2.944412554598133027e-03
1.174897999999999956e+04 3.071920275221120319e-03
1.224615999999999985e+04 2.702671698573915100e-03
1.276438999999999942e+04 2.687302649512275914e-03
1.330454000000000087e+04 3.230830388296575956e-03
1.386755999999999949e+04 3.226590806071545116e-03
1.445439999999999964e+04 3.060073308544063956e-03
1.506606999999999971e+04 2.867264781186053355e-03
1.570362999999999920e+04 3.095088281855003925e-03
1.636817000000000007e+04 3.458562873824171970e-03
1.706081999999999971e+04 3.176522456593941675e-03
1.778279000000000087e+04 3.919153936735634246e-03
1.853531999999999971e+04 3.423144999062095132e-03
1.931968000000000029e+04 3.726343734458583377e-03
2.013724000000000160e+04 3.593242293262593860e-03
2.098940000000000146e+04 3.790357227648673191e-03
2.187761999999999898e+04 3.518071912043155194e-03
2.280341999999999825e+04 4.385911963843388064e-03
2.376840000000000146e+04 3.565418765904724077e-03
2.477422000000000116e+04 3.469949054233763264e-03
2.582259999999999854e+04 3.854155640136807878e-03
2.691534999999999854e+04 3.588352369171503645e-03
2.805434000000000015e+04 3.911735575403267086e-03
2.924152000000000044e+04 3.772506601107433483e-03
3.047895000000000073e+04 3.798425516847081431e-03
3.176874000000000160e+04 4.272250838096475906e-03
3.311311000000000058e+04 4.078731895892525466e-03
3.451437000000000262e+04 4.105494584986833610e-03
3.597493000000000029e+04 4.527406461455390704e-03
3.749730000000000291e+04 4.189804984091096904e-03
3.908408999999999651e+04 4.625135610199232993e-03
4.073802999999999884e+04 4.798062356373501529e-03
4.246195999999999913e+04 4.649573597430122461e-03
4.425883999999999651e+04 4.386925041000987180e-03
4.613176000000000204e+04 4.799347914320463773e-03
4.808393000000000029e+04 4.820219046036803429e-03
5.011872000000000116e+04 5.884812304339724111e-03
5.223962000000000262e+04 5.306883947076948202e-03
5.445026999999999680e+04 4.858938757097672027e-03
5.675445999999999913e+04 5.270572032051538784e-03
5.915616000000000349e+04 5.844355233204091317e-03
6.165950000000000000e+04 5.830251230774637951e-03
6.426876999999999680e+04 5.643296280593283754e-03
6.698846000000000640e+04 5.258287648699702839e-03
6.982324000000000524e+04 5.683482457956964135e-03
7.277797999999999593e+04 5.963394605320185803e-03
7.585775999999999476e+04 6.004987575825538985e-03
7.906786000000000058e+04 6.053104880985924960e-03
8.241380999999999767e+04 6.842714408964389004e-03
8.590135000000000582e+04 6.187066533867329431e-03
8.953647999999999593e+04 6.087471413320464340e-03
9.332542999999999302e+04 7.859826229597242572e-03
9.727472000000000116e+04 7.000051659532782744e-03
1.013911000000000058e+05 6.190582620129398382e-03
1.056818000000000029e+05 6.706097626205237243e-03
1.101538999999999942e+05 7.657809030615293951e-03
1.148153999999999942e+05 7.472240448896562935e-03
1.196741000000000058e+05 7.047299488720311540e-03
1.247383999999999942e+05 7.624200857724242573e-03
1.300170000000000000e+05 7.310329468305737897e-03
1.355188999999999942e+05 7.779852025718504878e-03
1.412537999999999884e+05 8.025009082971629182e-03
1.472312999999999884e+05 8.363739973512376857e-03
1.534617000000000116e+05 8.385113671259859791e-03
1.599557999999999884e+05 8.526073391164578491e-03
1.667247000000000116e+05 9.209052251028120722e-03
1.737801000000000058e+05 8.486920006696343360e-03
1.811340000000000000e+05 9.267622889931850100e-03
1.887991000000000058e+05 1.014674910418464533e-02
1.967886000000000058e+05 9.590987377595214247e-03
2.051162000000000116e+05 8.080660149409122153e-03
2.137962000000000116e+05 1.002508171771061309e-02
2.228435000000000000e+05 1.059128614125841306e-02
2.322737000000000116e+05 1.067830574327132374e-02
2.421028999999999942e+05 1.172123507595286204e-02
2.523481000000000058e+05 1.054102188821381784e-02
2.630267999999999884e+05 1.250621996471589122e-02
2.741574000000000233e+05 1.196898365497712363e-02
2.857590999999999767e+05 1.272365230135236863e-02
2.978515999999999767e+05 1.152111838752299840e-02
3.104560000000000000e+05 1.343873759562854917e-02
3.235937000000000116e+05 1.058739758198582598e-02
3.372872999999999884e+05 1.457400145856731742e-02
3.515604000000000233e+05 1.229444478254735316e-02
3.664375999999999767e+05 1.443309601557973658e-02
3.819442999999999884e+05 1.572484563942145794e-02
3.981072000000000116e+05 1.407801788764924400e-02
4.149540000000000000e+05 1.517778336527508473e-02
4.325137999999999884e+05 1.602343492142923112e-02
4.508167000000000116e+05 1.565924375734058932e-02
4.698940999999999767e+05 1.790630400262171670e-02
4.897787999999999884e+05 1.660427873772196694e-02
5.105050000000000000e+05 1.854145366289918981e-02
5.321083000000000466e+05 1.925534198631512900e-02
5.546256999999999534e+05 1.791676115882448114e-02
5.780960000000000000e+05 2.001857944097032091e-02
6.025595999999999767e+05 1.904073059846568203e-02
6.280584000000000233e+05 2.161871088235398086e-02
6.546361999999999534e+05 2.082343973272575074e-02
6.823386999999999534e+05 2.203921673306812393e-02
7.112135000000000000e+05 2.317682650514051729e-02
7.413101999999999534e+05 2.363058582824913503e-02
7.726805999999999767e+05 2.251368084412776194e-02
8.053784000000000233e+05 2.378724624356021861e-02
8.394600000000000000e+05 2.238461564465183545e-02
8.749838000000000466e+05 2.435450889908164288e-02
9.120108000000000466e+05 2.820366335677827047e-02
9.506048000000000466e+05 2.637791967880218427e-02
9.908319000000000233e+05 3.271280173284009385e-02
1.032761000000000000e+06 2.980449145226036350e-02
1.076465000000000000e+06 3.083289178077989329e-02
1.122018000000000000e+06 3.667083325119747245e-02
1.169499000000000000e+06 3.666842037692009254e-02
1.218990000000000000e+06 3.823600306778771746e-02
1.270574000000000000e+06 3.297609582887413293e-02
1.324342000000000000e+06 3.857855734868484432e-02
1.380384000000000000e+06 4.411138094154622158e-02
1.438799000000000000e+06 4.157576525674226697e-02
1.499685000000000000e+06 4.135348256990621640e-02
1.563148000000000000e+06 4.431603895930456144e-02
1.629296000000000000e+06 4.540606216910916815e-02
1.698244000000000000e+06 4.929847030132426117e-02
1.770109000000000000e+06 5.069686162385742684e-02
1.845015000000000000e+06 5.772399051194566921e-02
1.923092000000000000e+06 5.437921120055237700e-02
2.004472000000000000e+06 5.920655923453815167e-02
2.089296000000000000e+06 4.932511242189567546e-02
2.177710000000000000e+06 6.216987694857600832e-02
2.269865000000000000e+06 7.638182398564279108e-02
2.365920000000000000e+06 7.356528836942764771e-02
2.466039000000000000e+06 6.600330386974144481e-02
2.570396000000000000e+06 7.939271694107824517e-02
2.679168000000000000e+06 7.633864460565056853e-02
2.792544000000000000e+06 8.082626668314173146e-02
2.910717000000000000e+06 8.604975302514362989e-02
3.033891000000000000e+06 1.005148093367247003e-01
3.162278000000000000e+06 9.322207980732867549e-02
3.296097000000000000e+06 1.204874702771469852e-01
3.435579000000000000e+06 1.152042692456557160e-01
3.580964000000000000e+06 1.030129910538111343e-01
3.732502000000000000e+06 1.136070883106795187e-01
3.890451000000000000e+06 1.198833915110110310e-01
4.055085000000000000e+06 1.253013853283775347e-01
4.226686000000000000e+06 1.297683292997191262e-01
4.405549000000000000e+06 1.332671142433269340e-01
4.591980000000000000e+06 1.439868757001609989e-01
4.786301000000000000e+06 1.469242809730167409e-01
4.988845000000000000e+06 1.505383990165050645e-01
5.199960000000000000e+06 1.462461535561745962e-01
5.420009000000000000e+06 1.971685659323019479e-01
5.649370000000000000e+06 1.853054294525253165e-01
5.888437000000000000e+06 2.028014218713360406e-01
6.137620000000000000e+06 2.129759667312705607e-01
6.397348000000000000e+06 2.303884077891494575e-01
6.668068000000000000e+06 2.294427456005361521e-01
6.950243000000000000e+06 2.569546508807536433e-01
7.244360000000000000e+06 2.473761599031424896e-01
7.550922000000000000e+06 2.495493576104214628e-01
7.870458000000000000e+06 2.820608284269159882e-01
8.203515000000000000e+06 3.323172314563797580e-01
8.550667000000000000e+06 3.138733456867501270e-01
8.912509000000000000e+06 2.996420604141822319e-01
9.289664000000000000e+06 3.595298445732206249e-01
9.682779000000000000e+06 3.930732454265943865e-01
1.009253000000000000e+07 3.914749012633143566e-01
1.051962000000000000e+07 4.890106743363053510e-01
1.096478000000000000e+07 4.821067114556009114e-01
1.142878000000000000e+07 5.412970184355114789e-01
1.191242000000000000e+07 5.328443500966772994e-01
1.241652000000000000e+07 5.718558145909923285e-01
1.294196000000000000e+07 5.098810811418134081e-01
1.348963000000000000e+07 6.609990845898724432e-01
1.406048000000000000e+07 7.142642108584670302e-01
1.465548000000000000e+07 8.048428837824328497e-01
1.527566000000000000e+07 6.855817376238910743e-01
1.592209000000000000e+07 8.217290886231466418e-01
1.659587000000000000e+07 8.388692750396095077e-01
1.729816000000000000e+07 9.028071046561435553e-01
1.803018000000000000e+07 9.350014300983596760e-01
1.879317000000000000e+07 1.017699412599423203e+00
1.958845000000000000e+07 1.120223220052231072e+00
2.041738000000000000e+07 1.160241351310617119e+00
2.128139000000000000e+07 1.456195088218240619e+00
2.218196000000000000e+07 1.285228725149308193e+00
2.312065000000000000e+07 1.439755516401886037e+00
2.409905000000000000e+07 1.781920595071609270e+00
2.511886000000000000e+07 1.775292200412242893e+00
2.618183000000000000e+07 1.610992927393630980e+00
2.728978000000000000e+07 1.939216975219813177e+00
2.844461000000000000e+07 1.901655534219243604e+00
2.964831000000000000e+07 2.303930860395640323e+00
3.090295000000000000e+07 2.214651427233358394e+00
3.221069000000000000e+07 2.839283258970784818e+00
3.357376000000000000e+07 2.633203045318557756e+00
3.499452000000000000e+07 2.769644573005863197e+00
3.647539000000000000e+07 3.324851890828201650e+00
3.801894000000000000e+07 2.963796482695092660e+00
3.962780000000000000e+07 3.482402111294064184e+00
4.130475000000000000e+07 3.637284209385997613e+00
4.305266000000000000e+07 4.141448591724019579e+00
4.487454000000000000e+07 4.376760138488356766e+00
4.677351000000000000e+07 4.509441754717324891e+00
4.875285000000000000e+07 4.631701903132441345e+00
5.081594000000000000e+07 5.195089087279813000e+00
5.296634000000000000e+07 5.539149842128813006e+00
5.520774000000000000e+07 5.790917663198509757e+00
5.754399000000000000e+07 6.099855295176721093e+00
5.997911000000000000e+07 6.449079949243675891e+00
6.251727000000000000e+07 7.410964676586639932e+00
6.516284000000000000e+07 7.922046108916193319e+00
6.792036000000000000e+07 7.825001444827523578e+00
7.079458000000000000e+07 8.388135250832229772e+00
7.379042000000000000e+07 9.245499787871167996e+00
7.691304000000000000e+07 9.655018004942329313e+00
8.016781000000000000e+07 1.087589899781278113e+01
8.356030000000000000e+07 1.019173410880732966e+01
8.709636000000000000e+07 1.185620201903432047e+01
9.078205000000000000e+07 1.300623112371113343e+01
9.462372000000000000e+07 1.271560500649701808e+01
9.862795000000000000e+07 1.671259301521668306e+01
1.028016000000000000e+08 1.356981243508363733e+01
1.071519000000000000e+08 1.684862053790211078e+01
1.116863000000000000e+08 1.711629277736765786e+01
1.164126000000000000e+08 1.921910154013665561e+01
1.213389000000000000e+08 2.205814265596913515e+01
1.264736000000000000e+08 2.254612749454220477e+01
1.318257000000000000e+08 2.854107044111267300e+01
1.374042000000000000e+08 2.380955116710160979e+01
1.432188000000000000e+08 2.547148440670599001e+01
1.492794000000000000e+08 2.952432420339283681e+01
1.555966000000000000e+08 3.085619642161146459e+01
1.621810000000000000e+08 3.228607466874249354e+01
1.690441000000000000e+08 3.316772538462043229e+01
1.761976000000000000e+08 3.760145871236943549e+01
1.836538000000000000e+08 3.893759251011034905e+01
1.914256000000000000e+08 4.340146929079558902e+01
1.995262000000000000e+08 4.994566870488289112e+01
2.079697000000000000e+08 5.065610461354241778e+01
2.167704000000000000e+08 5.040113773078409309e+01
2.259436000000000000e+08 5.036028357583879256e+01
2.355049000000000000e+08 5.689085051717465547e+01
2.454709000000000000e+08 5.772835351985322205e+01
2.558586000000000000e+08 7.542754876336542225e+01
2.666859000000000000e+08 7.771262976082631724e+01
2.779713000000000000e+08 8.085706621793048043e+01
2.897344000000000000e+08 8.590491495954718459e+01
3.019952000000000000e+08 9.390725052297891295e+01
3.147748000000000000e+08 1.090230087720781285e+02
3.280953000000000000e+08 1.083852042942184397e+02
3.419794000000000000e+08 1.161356057285365750e+02
3.564511000000000000e+08 1.260852173086295949e+02
3.715352000000000000e+08 1.176369741926183536e+02
3.872576000000000000e+08 1.454474690221952358e+02
4.036454000000000000e+08 1.530022722667034998e+02
4.207266000000000000e+08 1.477143966974021794e+02
4.385307000000000000e+08 1.541770005550562530e+02
4.570882000000000000e+08 2.100645317168290660e+02
4.764310000000000000e+08 1.562928611662193816e+02
4.965923000000000000e+08 2.251992394075861341e+02
5.176068000000000000e+08 2.192652316942543393e+02
5.395106000000000000e+08 2.359561940458193305e+02
5.623413000000000000e+08 2.311560572821034896e+02
5.861382000000000000e+08 2.413048330685352596e+02
6.109420000000000000e+08 2.691833251346734528e+02
6.367955000000000000e+08 3.524217699492704128e+02
6.637431000000000000e+08 3.437715168242481241e+02
6.918310000000000000e+08 3.865485145482892335e+02
7.211075000000000000e+08 4.140620642142172869e+02
7.516229000000000000e+08 4.171482073608713677e+02
7.834296000000000000e+08 4.767237726106280320e+02
8.165824000000000000e+08 4.310935892445120885e+02
8.511380000000000000e+08 5.193421154887969351e+02
8.871560000000000000e+08 6.006317122823394357e+02
9.246982000000000000e+08 5.804358627079709549e+02
9.638290000000000000e+08 6.206843125027028236e+02
1.004616000000000000e+09 6.115896378181963655e+02
1.047129000000000000e+09 7.312823530968576051e+02
1.091440000000000000e+09 9.306560127993292326e+02
1.137627000000000000e+09 8.028368471445508021e+02
1.185769000000000000e+09 9.103502651687496154e+02
1.235947000000000000e+09 8.929215757010216521e+02
1.288250000000000000e+09 1.000445164126674968e+03
1.342765000000000000e+09 1.139711560446289013e+03
1.399587000000000000e+09 1.114907630079277624e+03
1.458814000000000000e+09 1.227104914529620146e+03
1.520548000000000000e+09 1.159247024219381046e+03
1.584893000000000000e+09 1.466703935217643902e+03
1.651962000000000000e+09 1.486678456862400253e+03
1.721869000000000000e+09 1.451509940348140390e+03
1.794734000000000000e+09 1.758060362968838263e+03
1.870682000000000000e+09 1.717798222032365857e+03
1.949845000000000000e+09 1.796430805640127119e+03
2.032357000000000000e+09 1.878992954509148376e+03
2.118361000000000000e+09 2.169745740786786428e+03
2.208005000000000000e+09 2.575572931271985908e+03
2.301442000000000000e+09 2.622619433545200991e+03
2.398833000000000000e+09 2.753827187257286823e+03
2.500345000000000000e+09 2.675160331529155428e+03
2.606154000000000000e+09 3.008118381451773075e+03
2.716439000000000000e+09 3.512371964927597674e+03
2.831392000000000000e+09 3.922674250771595325e+03
2.951209000000000000e+09 3.360817351444969972e+03
3.076097000000000000e+09 3.801949360157611409e+03
3.206269000000000000e+09 4.244852811587539691e+03
3.341950000000000000e+09 5.065756655180999587e+03
3.483373000000000000e+09 4.530804214275637605e+03
3.630781000000000000e+09 5.813655431616393798e+03
3.784426000000000000e+09 5.256974699232586318e+03
3.944573000000000000e+09 6.449215776478549742e+03
4.111497000000000000e+09 7.347858664279500772e+03
4.285485000000000000e+09 7.073479092706822485e+03
4.466836000000000000e+09 7.769673248627014800e+03
4.655861000000000000e+09 8.991462824847170850e+03
4.852885000000000000e+09 7.948602643931857529e+03
5.058247000000000000e+09 9.595398123345130443e+03
5.272299000000000000e+09 9.460320968861276924e+03
5.495409000000000000e+09 1.011447735572951751e+04
5.727960000000000000e+09 1.184477103188485853e+04
5.970353000000000000e+09 1.153427228449185895e+04
6.223003000000000000e+09 1.478745328685663844e+04
6.486344000000000000e+09 1.066551620805118910e+04
6.760830000000000000e+09 1.391929511184678995e+04
7.046931000000000000e+09 1.760113377071014111e+04
7.345139000000000000e+09 1.733006026816971280e+04
7.655966000000000000e+09 1.628385187937586306e+04
7.979947000000000000e+09 1.960040369418283808e+04
8.317638000000000000e+09 2.008894937216860853e+04
8.669619000000000000e+09 2.379729688778872151e+04
9.036495000000000000e+09 2.269220934655936799e+04
9.418896000000000000e+09 2.308997092999274173e+04
9.817479000000000000e+09 2.524500121022284293e+04
1.023293000000000000e+10 2.496312876230672919e+04
1.066596000000000000e+10 2.558770506582053713e+04
1.111732000000000000e+10 3.084364215508941925e+04
1.158777000000000000e+10 3.533223478089632408e+04
1.207814000000000000e+10 3.832110455764106155e+04
1.258925000000000000e+10 3.643325812433699321e+04
1.312200000000000000e+10 4.301674614184127131e+04
1.367729000000000000e+10 4.207788366588881036e+04
1.425608000000000000e+10 4.521812839873605844e+04
1.485936000000000000e+10 4.985747091119773540e+04
1.548817000000000000e+10 4.479675705684506829e+04
1.614359000000000000e+10 5.941869521558284760e+04
1.682674000000000000e+10 6.126138017855829821e+04
1.753881000000000000e+10 5.748658161374021438e+04
1.828100000000000000e+10 6.832941110674050287e+04
1.905461000000000000e+10 7.802063014974145335e+04
1.986095000000000000e+10 8.281202874569449341e+04
2.070141000000000000e+10 9.108448901734434185e+04
2.157744000000000000e+10 9.635428510745205858e+04
2.249055000000000000e+10 9.660543027162685758e+04
2.344229000000000000e+10 9.897304455217934446e+04
2.443431000000000000e+10 1.021622576178935269e+05
2.546830000000000000e+10 1.163421940404660709e+05
2.654606000000000000e+10 1.356699790302963229e+05
2.766942000000000000e+10 1.734303004993588547e+05
2.884032000000000000e+10 1.332024753591834160e+05
3.006076000000000000e+10 1.637151715918249683e+05
3.133286000000000000e+10 1.445358788468453567e+05
3.265878000000000000e+10 1.658847645468283154e+05
3.404082000000000000e+10 2.227911358850232209e+05
3.548134000000000000e+10 1.882077623879270977e+05
3.698282000000000000e+10 2.082083635354876169e+05
3.854784000000000000e+10 2.301892224648369011e+05
4.017908000000000000e+10 2.317614370540030941e+05
4.187936000000000000e+10 2.413357742378825787e+05
4.365158000000000000e+10 2.654667485217725625e+05
4.549881000000000000e+10 2.899409929210537230e+05
4.742420000000000000e+10 3.131467069983583642e+05
4.943107000000000000e+10 3.146415353917031316e+05
5.152286000000000000e+10 3.540796645948984660e+05
5.370318000000000000e+10 3.302831963245189982e+05
5.597576000000000000e+10 4.143923439450563747e+05
5.834451000000000000e+10 4.298121399501581909e+05
6.081350000000000000e+10 4.220111845693326904e+05
6.338697000000000000e+10 4.493906716029508971e+05
6.606934000000000000e+10 5.056041775492809247e+05
6.886523000000000000e+10 5.986927917220015079e+05
7.177943000000000000e+10 5.898340565474210307e+05
7.481695000000000000e+10 6.636383676221965579e+05
7.798301000000000000e+10 7.387808420431867708e+05
8.128305000000000000e+10 7.388958775620936649e+05
8.472274000000000000e+10 8.522470862723928876e+05
8.830799000000000000e+10 7.353387677698829211e+05
9.204496000000000000e+10 7.575119252558042062e+05
9.594006000000000000e+10 8.925105330134434626e+05
