# k [1/Mpc], Window(k) [Mpc]
9.999999999999999547e-08 3.392649432164728546e+10
1.042317000000000002e-07 3.099914646646168137e+10
1.086425999999999937e-07 2.832724902200599670e+10
1.132400000000000002e-07 2.588820975961623001e+10
1.180320999999999998e-07 2.366146565814865875e+10
1.230268999999999884e-07 2.162830006775356674e+10
1.282330999999999997e-07 1.977167256424938202e+10
1.336595999999999986e-07 1.807606629989611816e+10
1.393156999999999986e-07 1.652734693730515671e+10
1.452112000000000000e-07 1.511264036099950981e+10
1.513560999999999877e-07 1.382021738176978493e+10
1.577610999999999978e-07 1.263938780620963478e+10
1.644371999999999896e-07 1.156041082683215904e+10
1.713957000000000053e-07 1.057440507051014328e+10
1.786487999999999897e-07 9.673275320784603119e+09
1.862086999999999937e-07 8.849638762023269653e+09
1.940885999999999900e-07 8.096763789264794350e+09
2.023018999999999886e-07 7.408509428055905342e+09
2.108627999999999895e-07 6.779274613136600494e+09
2.197860000000000068e-07 6.203949647997055054e+09
2.290868000000000076e-07 5.677871182916494370e+09
2.387810999999999914e-07 5.196784702712980270e+09
2.488857000000000195e-07 4.756806348950801849e+09
2.594178999999999820e-07 4.354391770434088707e+09
2.703957999999999972e-07 3.986305020285885811e+09
2.818383000000000151e-07 3.649591595956675529e+09
2.937649999999999839e-07 3.341554119454667568e+09
3.061963000000000007e-07 3.059729387158962727e+09
3.191538000000000160e-07 2.801867703207715988e+09
3.326595999999999939e-07 2.565914057489189148e+09
3.467369000000000242e-07 2.349991697699584007e+09
3.614099000000000128e-07 2.152385872408171177e+09
3.767037999999999986e-07 1.971530054707333565e+09
3.926448999999999877e-07 1.805992820701273441e+09
4.092606999999999981e-07 1.654466165091532946e+09
4.265794999999999851e-07 1.515754789672560453e+09
4.446312999999999827e-07 1.388766069727329016e+09
4.634469000000000152e-07 1.272501502165876627e+09
4.830588000000000268e-07 1.166048291450387239e+09
5.035005999999999816e-07 1.068571921808172703e+09
5.248075000000000359e-07 9.793095029162502289e+08
5.470160000000000326e-07 8.975634903727346659e+08
5.701643000000000520e-07 8.226959840683132410e+08
5.942922000000000493e-07 7.541237424684904814e+08
6.194410999999999602e-07 6.913133143459930420e+08
6.456542000000000032e-07 6.337768148298927546e+08
6.729767000000000284e-07 5.810680044264485836e+08
7.014553000000000330e-07 5.327786668348933458e+08
7.311391000000000384e-07 4.885354062999588847e+08
7.620790000000000307e-07 4.479966012453658581e+08
7.943281999999999752e-07 4.108496535753997564e+08
8.279422000000000272e-07 3.768085923422428370e+08
8.629784999999999742e-07 3.456117322987331152e+08
8.994976000000000037e-07 3.170195818127462268e+08
9.375620000000000411e-07 2.908129838890804052e+08
9.772371999999999886e-07 2.667913331831130683e+08
1.018591000000000045e-06 2.447710657548429072e+08
1.061696000000000033e-06 2.245841006021491587e+08
1.106623999999999944e-06 2.060766233263734281e+08
1.153453000000000025e-06 1.891077959320155084e+08
1.202263999999999972e-06 1.735486857645118833e+08
1.253140999999999985e-06 1.592812390229296386e+08
1.306170999999999924e-06 1.461973663298383653e+08
1.361444999999999973e-06 1.341980957861910462e+08
1.419058000000000000e-06 1.231927868742254227e+08
1.479107999999999959e-06 1.130984291494745761e+08
1.541699999999999995e-06 1.038390026969607025e+08
1.606941000000000095e-06 9.534487617602905631e+07
1.674942999999999965e-06 8.755226996206605434e+07
1.745822000000000054e-06 8.040276085952976346e+07
1.819700999999999944e-06 7.384282427971458435e+07
1.896705999999999938e-06 6.782343115438665450e+07
1.976969999999999895e-06 6.229965546961564571e+07
2.060630000000000208e-06 5.723033576295690238e+07
2.147829999999999983e-06 5.257775546901807934e+07
2.238721000000000211e-06 4.830735451600685716e+07
2.333457999999999877e-06 4.438745542942786217e+07
2.432203999999999880e-06 4.078903516637345403e+07
2.535128999999999830e-06 3.748548700489176065e+07
2.642408999999999928e-06 3.445242657986823469e+07
2.754228999999999986e-06 3.166750186224431917e+07
2.870780999999999798e-06 2.911022283059273660e+07
2.992264999999999802e-06 2.676180220244586840e+07
3.118890000000000051e-06 2.460502181945782527e+07
3.250872999999999969e-06 2.262409043700320646e+07
3.388441999999999922e-06 2.080452956325966120e+07
3.531831999999999832e-06 1.913306447731368989e+07
3.681289999999999952e-06 1.759752042671780661e+07
3.837072000000000148e-06 1.618673225146119110e+07
3.999446999999999589e-06 1.489046006642444991e+07
4.168693999999999834e-06 1.369931153776420653e+07
4.345101999999999755e-06 1.260467134096846171e+07
4.528976000000000360e-06 1.159863798887951300e+07
4.720629999999999728e-06 1.067396124599784054e+07
4.920395000000000008e-06 9.823989558537052944e+06
5.128614000000000293e-06 9.042621306730620563e+06
5.345643999999999636e-06 8.324256830274921842e+06
5.571856999999999837e-06 7.663758041720512323e+06
5.807643999999999617e-06 7.056410329022113234e+06
6.053408999999999965e-06 6.497886317322761752e+06
6.309573000000000008e-06 5.984214812152349390e+06
6.576577999999999665e-06 5.511750560363241471e+06
6.854882000000000144e-06 5.077147757525168359e+06
7.144962999999999815e-06 4.677334734318549745e+06
7.447320000000000383e-06 4.309491809500027448e+06
7.762470999999999629e-06 3.971029960874343291e+06
8.090959000000000473e-06 3.659572208924197592e+06
8.433348000000000694e-06 3.372935696204593871e+06
8.790224999999999344e-06 3.109116395709092263e+06
9.162205000000000482e-06 2.866273302812543698e+06
9.549925999999999272e-06 2.642715866927534807e+06
9.954053999999999276e-06 2.436891121059620753e+06
1.037528000000000072e-05 2.247372930592244491e+06
1.081434000000000021e-05 2.072850743945701513e+06
1.127196999999999942e-05 1.912120851552645676e+06
1.174898000000000080e-05 1.764077136080748169e+06
1.224616000000000033e-05 1.627703524492893834e+06
1.276439000000000028e-05 1.502065881934655365e+06
1.330454000000000052e-05 1.386306163520259317e+06
1.386755999999999975e-05 1.279635568952823523e+06
1.445440000000000005e-05 1.181329112826096127e+06
1.506606999999999922e-05 1.090720398781870259e+06
1.570362999999999859e-05 1.007196908429825096e+06
1.636817000000000155e-05 9.301953286847551353e+05
1.706081999999999906e-05 8.591978674443588825e+05
1.778279000000000123e-05 7.937284303919709055e+05
1.853531999999999993e-05 7.333490951561749680e+05
1.931967999999999931e-05 6.776572133690704359e+05
2.013724000000000034e-05 6.262823949039457366e+05
2.098939999999999931e-05 5.788839938277382171e+05
2.187762000000000010e-05 5.351486366766432766e+05
2.280342000000000062e-05 4.947879698712996906e+05
2.376840000000000100e-05 4.575367512266936246e+05
2.477421999999999876e-05 4.231508586175949895e+05
2.582259999999999905e-05 3.914057202121619484e+05
2.691534999999999972e-05 3.620945539876312250e+05
2.805433999999999947e-05 3.350271196956795757e+05
2.924151999999999917e-05 3.100282447656718432e+05
3.047895000000000064e-05 2.869366606063334038e+05
3.176874000000000240e-05 2.656039280350005138e+05
3.311311000000000050e-05 2.458933379896467086e+05
3.451437000000000070e-05 2.276789762801826582e+05
3.597493000000000218e-05 2.108449265937359305e+05
3.749729999999999757e-05 1.952843771256111213e+05
3.908409000000000004e-05 1.808989421016300330e+05
4.073802999999999729e-05 1.675979782883256266e+05
4.246195999999999825e-05 1.552979864353285520e+05
4.425883999999999992e-05 1.439219882058673538e+05
4.613176000000000163e-05 1.333990663398733304e+05
4.808392999999999755e-05 1.236638322613368509e+05
5.011871999999999980e-05 1.146560188917141495e+05
5.223962000000000180e-05 1.063200637595768785e+05
5.445027000000000070e-05 9.860472816313186195e+04
5.675445999999999735e-05 9.146276761177796288e+04
5.915615999999999843e-05 8.485059732317582530e+04
6.165949999999999469e-05 7.872802203152286529e+04
6.426877000000000165e-05 7.305795963818658493e+04
6.698845999999999458e-05 6.780619304128424847e+04
6.982324000000000202e-05 6.294114433179632033e+04
7.277797999999999874e-05 5.843367399815682438e+04
7.585776000000000129e-05 5.425688346655873465e+04
7.906785999999999958e-05 5.038594314429296355e+04
8.241381000000000097e-05 4.679792786593070196e+04
8.590135000000000045e-05 4.347166679354773078e+04
8.953647999999999761e-05 4.038760352343205886e+04
9.332542999999999460e-05 3.752768598277075944e+04
9.727472000000000028e-05 3.487522734453066369e+04
1.013910999999999990e-04 3.241481464729773870e+04
1.056817999999999950e-04 3.013220685785436945e+04
1.101538999999999958e-04 2.801423875678260083e+04
1.148154000000000053e-04 2.604874585805395691e+04
1.196740999999999999e-04 2.422448207817154980e+04
1.247383999999999982e-04 2.253104747619743648e+04
1.300170000000000123e-04 2.095882785390670688e+04
1.355189000000000079e-04 1.949893142271565739e+04
1.412538000000000129e-04 1.814313262670111362e+04
1.472312999999999942e-04 1.688382360362048348e+04
1.534616999999999947e-04 1.571396569046587138e+04
1.599558000000000110e-04 1.462704419399117614e+04
1.667247000000000065e-04 1.361703229285511406e+04
1.737801000000000135e-04 1.267834972730998561e+04
1.811340000000000042e-04 1.180583255920216288e+04
1.887990999999999996e-04 1.099469787352970525e+04
1.967886000000000017e-04 1.024051899458361731e+04
2.051161999999999929e-04 9.539194325860042227e+03
2.137961999999999979e-04 8.886926331447659322e+03
2.228435000000000019e-04 8.280196146749700347e+03
2.322737000000000120e-04 7.715744905666511841e+03
2.421028999999999889e-04 7.190551458697635098e+03
2.523480999999999836e-04 6.701816523885977404e+03
2.630267999999999734e-04 6.246945716536108193e+03
2.741573999999999986e-04 5.823533883630753735e+03
2.857590999999999929e-04 5.429351304580082797e+03
2.978516000000000063e-04 5.062330031200517624e+03
3.104560000000000240e-04 4.720552454120956099e+03
3.235937000000000253e-04 4.402240386090286847e+03
3.372873000000000190e-04 4.105743457039496207e+03
3.515603999999999756e-04 3.829531299154452881e+03
3.664375999999999896e-04 3.572183537682716633e+03
3.819442999999999948e-04 3.332382059261356972e+03
3.981071999999999888e-04 3.108903470443166498e+03
4.149539999999999848e-04 2.900612317748138594e+03
4.325137999999999856e-04 2.706454148009916480e+03
4.508167000000000099e-04 2.525450068133614423e+03
4.698940999999999773e-04 2.356690887971733446e+03
4.897788000000000141e-04 2.199332627412301918e+03
5.105049999999999649e-04 2.052590738211449207e+03
5.321082999999999889e-04 1.915736597604429335e+03
5.546257000000000183e-04 1.788093268358117257e+03
5.780959999999999484e-04 1.669031493733679554e+03
6.025596000000000034e-04 1.557966387482868186e+03
6.280584000000000514e-04 1.454354189297304401e+03
6.546361999999999581e-04 1.357689261435169783e+03
6.823387000000000202e-04 1.267501245778889370e+03
7.112134999999999898e-04 1.183352652822688469e+03
7.413101999999999756e-04 1.104836280656335475e+03
7.726805999999999692e-04 1.031572976449528824e+03
8.053783999999999596e-04 9.632098499975091954e+02
8.394599999999999892e-04 8.994180959761075655e+02
8.749838000000000234e-04 8.398913501502366898e+02
9.120108000000000468e-04 7.843441335509364762e+02
9.506048000000000232e-04 7.325102746530533295e+02
9.908319000000000501e-04 6.841415986483233382e+02
1.032761000000000096e-03 6.390066577254477806e+02
1.076464999999999974e-03 5.968895983275962180e+02
1.122018000000000017e-03 5.575890649833402222e+02
1.169499000000000059e-03 5.209173164664460955e+02
1.218990000000000091e-03 4.866992344040410217e+02
1.270574000000000009e-03 4.547715011661099425e+02
1.324342000000000054e-03 4.249818511031978687e+02
1.380383999999999908e-03 3.971883296464317255e+02
1.438798999999999937e-03 3.712585648173023287e+02
1.499684999999999950e-03 3.470691747920807870e+02
1.563148000000000098e-03 3.245049795293762145e+02
1.629295999999999913e-03 3.034586077794619996e+02
1.698244000000000012e-03 2.838299251554475404e+02
1.770108999999999962e-03 2.655253537279386364e+02
1.845014999999999980e-03 2.484575986777616095e+02
1.923091999999999944e-03 2.325452135089667252e+02
2.004472000000000198e-03 2.177121339016626678e+02
2.089296000000000035e-03 2.038873721343648810e+02
2.177709999999999802e-03 1.910046873200683137e+02
2.269864999999999817e-03 1.790022679611144838e+02
2.365920000000000089e-03 1.678224094886001581e+02
2.466039000000000165e-03 1.574112755801091055e+02
2.570395999999999966e-03 1.477186451316553075e+02
2.679168000000000001e-03 1.386976420740345759e+02
2.792544000000000103e-03 1.303045681907208007e+02
2.910717000000000165e-03 1.224986893699928032e+02
3.033890999999999932e-03 1.152420340845252582e+02
3.162278000000000137e-03 1.084992523885394036e+02
3.296097000000000003e-03 1.022374217332289277e+02
3.435578999999999803e-03 9.642594547408275218e+01
3.580963999999999849e-03 9.103637608357909983e+01
3.732501999999999955e-03 8.604232089136702655e+01
3.890451000000000065e-03 8.141933103041428410e+01
4.055084999999999940e-03 7.714478276336835449e+01
4.226686000000000332e-03 7.319780110153072883e+01
4.405548999999999923e-03 6.955917877891828027e+01
4.591979999999999847e-03 6.621129088804477192e+01
4.786300999999999750e-03 6.313805199985858962e+01
4.988845000000000432e-03 6.032484482239565438e+01
5.199959999999999999e-03 5.775849475781304676e+01
5.420008999999999938e-03 5.542721362563155907e+01
5.649369999999999913e-03 5.332058631912265412e+01
5.888436999999999838e-03 5.142954227284376856e+01
6.137619999999999881e-03 4.974633507621613404e+01
6.397347999999999750e-03 4.826454154879895952e+01
6.668068000000000085e-03 4.697902125537719087e+01
6.950243000000000046e-03 4.588589597297968226e+01
7.244360000000000036e-03 4.498247866626153524e+01
7.550921999999999842e-03 4.426718005679063594e+01
7.870458000000000315e-03 4.373933780857215226e+01
8.203514999999999766e-03 4.339887799951071656e+01
8.550666999999999643e-03 4.324588073264828125e+01
8.912509000000000750e-03 4.327981389286668445e+01
9.289663999999999561e-03 4.349840009219482084e+01
9.682779000000000733e-03 4.389598559208121742e+01
1.009253000000000060e-02 1.900928830291845770e+02
1.051962000000000036e-02 1.704634892647945321e+02
1.096478000000000036e-02 1.530410491863982543e+02
1.142877999999999949e-02 1.375739636985589129e+02
1.191241999999999995e-02 1.238398527010769357e+02
1.241652000000000033e-02 1.116422159275445125e+02
1.294196000000000062e-02 1.008075917002967969e+02
1.348963000000000072e-02 9.118292302436071850e+01
1.406048000000000020e-02 8.263325823840044393e+01
1.465548000000000024e-02 7.503964583912774344e+01
1.527565999999999993e-02 6.829720133474376098e+01
1.592208999999999985e-02 6.231333531503273804e+01
1.659586999999999868e-02 5.700609862733125510e+01
1.729815999999999993e-02 5.230268601767536296e+01
1.803017999999999982e-02 4.813808097519606122e+01
1.879317000000000140e-02 4.445389922039642272e+01
1.958845000000000031e-02 4.119747437025901604e+01
2.041737999999999886e-02 3.832125247278864322e+01
2.128139000000000072e-02 3.578245659367777876e+01
2.218196000000000057e-02 3.354302826036264662e+01
2.312064999999999954e-02 3.156969834350809734e+01
2.409905000000000033e-02 2.983397517892682771e+01
2.511885999999999980e-02 2.831181139306385930e+01
2.618182999999999969e-02 2.698273484605324057e+01
2.728977999999999959e-02 2.582841060253347720e+01
2.844460999999999865e-02 2.483087412299159524e+01
2.964831000000000064e-02 2.397084492628691166e+01
3.090294999999999848e-02 2.322669644360747654e+01
3.221069000000000015e-02 2.257438959742618678e+01
3.357376000000000110e-02 2.198833397715327820e+01
3.499452000000000118e-02 2.144271217799711948e+01
3.647539000000000337e-02 2.091280687840164632e+01
3.801894000000000107e-02 2.037622969921934413e+01
3.962779999999999775e-02 1.981452687664932455e+01
4.130475000000000119e-02 1.921551091038512382e+01
4.305265999999999954e-02 1.857583085276483104e+01
4.487453999999999749e-02 1.790247924604749130e+01
4.677350999999999731e-02 1.721201135065205534e+01
4.875285000000000035e-02 1.652731662305253479e+01
5.081593999999999695e-02 1.587286692541920274e+01
5.296634000000000064e-02 1.526975627305202110e+01
5.520773999999999820e-02 1.473160411970470385e+01
5.754399000000000319e-02 1.426193645921377673e+01
5.997911000000000215e-02 1.385325856027695046e+01
6.251726999999999979e-02 1.348794601886141642e+01
6.516283999999999965e-02 1.314153444550878369e+01
6.792035999999999907e-02 1.278917408518868015e+01
7.079457999999999585e-02 1.241444491660373650e+01
7.379041999999999546e-02 1.201677073482559166e+01
7.691304000000000196e-02 1.161258657375475778e+01
8.016781000000000601e-02 1.122816636304376026e+01
8.356030000000000402e-02 1.088696893474929261e+01
8.709635999999999767e-02 1.059744155155427947e+01
9.078205000000000302e-02 1.034713624449616631e+01
9.462371999999999450e-02 1.010753929859228784e+01
9.862795000000000589e-02 9.850633461750662789e+00
1.028016000000000069e-01 9.569436822552928490e+00
1.071518999999999944e-01 9.285488651886881328e+00
1.116863000000000022e-01 9.032501733947500000e+00
1.164126000000000050e-01 8.827225987879200986e+00
1.213388999999999995e-01 8.652474686421729899e+00
1.264735999999999916e-01 8.471250228923491221e+00
1.318256999999999901e-01 8.265862500196551110e+00
1.374042000000000041e-01 8.060236006140016229e+00
1.432188000000000072e-01 7.890048539635181157e+00
1.492794000000000065e-01 7.753430078619206967e+00
1.555966000000000016e-01 7.611653313686415068e+00
1.621809999999999918e-01 7.449846844505770171e+00
1.690441000000000027e-01 7.304636171137325107e+00
1.761976000000000098e-01 7.198210042515476026e+00
1.836538000000000059e-01 7.092380681997677350e+00
1.914256000000000013e-01 6.964246071944189431e+00
1.995261999999999869e-01 6.857742331196973851e+00
2.079697000000000073e-01 6.782484659654222980e+00
2.167704000000000020e-01 6.689788774811975536e+00
2.259435999999999944e-01 6.599554796085637776e+00
2.355048999999999892e-01 6.542829414518248399e+00
2.454708999999999919e-01 6.470182141077170712e+00
2.558585999999999916e-01 6.404649906485366806e+00
2.666858999999999758e-01 6.366431040037509703e+00
2.779712999999999767e-01 6.306156805168733115e+00
2.897344000000000031e-01 6.273976252526631825e+00
3.019952000000000192e-01 6.236218114518861100e+00
3.147748000000000212e-01 6.205928312691512794e+00
3.280952999999999786e-01 6.185678132650173744e+00
3.419793999999999889e-01 6.161728871355711235e+00
3.564511000000000207e-01 6.152174721568921534e+00
3.715352000000000099e-01 6.139908789641653541e+00
3.872575999999999796e-01 6.133468768675569116e+00
4.036453999999999875e-01 6.136920457418945318e+00
4.207266000000000061e-01 6.130164927214584836e+00
4.385306999999999955e-01 6.143420556187770387e+00
4.570882000000000001e-01 6.148582802573802297e+00
4.764309999999999934e-01 6.153322065386028328e+00
4.965922999999999865e-01 6.171476061179420824e+00
5.176068000000000335e-01 6.187331798063698152e+00
5.395105999999999513e-01 6.197442864485495306e+00
5.623413000000000439e-01 6.209937110521640768e+00
5.861382000000000536e-01 6.227212676672190916e+00
6.109419999999999851e-01 6.246038392919764703e+00
6.367954999999999588e-01 6.264006279040196468e+00
6.637431000000000303e-01 6.280433446971160016e+00
6.918309999999999738e-01 6.295363461782015335e+00
7.211075000000000124e-01 6.308604418377724343e+00
7.516228999999999827e-01 6.319740970315972817e+00
7.834295999999999482e-01 6.329268248375905515e+00
8.165824000000000416e-01 6.340116021711136973e+00
8.511379999999999502e-01 6.354582697897315668e+00
8.871559999999999446e-01 6.364717989008269683e+00
9.246982000000000257e-01 6.365824371240845991e+00
9.638290000000000468e-01 6.377816357955947701e+00
1.004615999999999953e+00 6.380715941219446741e+00
1.047128999999999976e+00 6.387645544171197010e+00
1.091439999999999966e+00 6.387365086898761923e+00
1.137626999999999944e+00 6.398336207072863324e+00
1.185769000000000073e+00 6.396112706143562754e+00
1.235946999999999907e+00 6.393292724823781192e+00
1.288249999999999895e+00 6.395706828517472964e+00
1.342764999999999986e+00 6.398252581239729508e+00
1.399586999999999914e+00 6.397279861317511696e+00
1.458814000000000055e+00 6.391159965595649695e+00
1.520548000000000011e+00 6.387992811883986377e+00
1.584893000000000107e+00 6.416323394557108983e+00
1.651961999999999930e+00 6.431271675658997822e+00
1.721869000000000094e+00 6.338870745751052027e+00
1.794734000000000052e+00 6.418557151778927050e+00
1.870681999999999956e+00 6.447628014195895041e+00
1.949845000000000050e+00 6.343566439385924127e+00
2.032357000000000191e+00 6.342245036912524725e+00
2.118361000000000161e+00 6.445754155645885497e+00
2.208004999999999995e+00 6.429152792854555543e+00
2.301442000000000210e+00 6.322467276534915470e+00
2.398833000000000215e+00 6.316711596814987395e+00
2.500344999999999818e+00 6.426364450177592502e+00
2.606154000000000082e+00 6.455156068424872551e+00
2.716438999999999826e+00 6.359548180533554529e+00
2.831392000000000131e+00 6.275600218428841970e+00
2.951208999999999971e+00 6.306384026465059023e+00
3.076096999999999859e+00 6.396107697141083293e+00
3.206268999999999814e+00 6.476597309540036207e+00
3.341950000000000198e+00 6.392293674392771408e+00
3.483372999999999831e+00 6.264881255638133695e+00
3.630780999999999814e+00 6.257648723840680383e+00
3.784425999999999846e+00 6.218591281683264249e+00
3.944573000000000107e+00 6.380585234821467999e+00
4.111496999999999957e+00 6.417127302709866754e+00
4.285485000000000433e+00 6.483160159154682134e+00
4.466835999999999807e+00 6.367602845990215421e+00
4.655860999999999805e+00 6.315751795567871696e+00
4.852884999999999671e+00 6.158922429800353093e+00
5.058246999999999716e+00 6.211731680785719689e+00
5.272299000000000291e+00 6.143188157418441264e+00
5.495409000000000432e+00 6.318547738022472160e+00
5.727960000000000385e+00 6.374466905415266282e+00
5.970353000000000243e+00 6.385134334411028512e+00
6.223003000000000284e+00 6.513160922629045224e+00
6.486343999999999888e+00 6.416725127943093909e+00
6.760830000000000339e+00 6.383430311045960259e+00
7.046930999999999834e+00 6.346444108359499126e+00
7.345138999999999641e+00 6.131316368004526396e+00
7.655966000000000271e+00 6.063558005324894751e+00
7.979947000000000124e+00 6.087684781455556582e+00
8.317638000000000531e+00 6.095675001774688795e+00
8.669619000000000852e+00 6.034170516140245688e+00
9.036495000000000388e+00 5.992449490547641311e+00
9.418896000000000157e+00 6.286778041576219778e+00
9.817479000000000511e+00 6.276476062081439267e+00
1.023292999999999964e+01 6.304115196693817147e+00
1.066596000000000011e+01 6.202006574387842086e+00
1.111731999999999942e+01 6.470672968945020642e+00
1.158777000000000079e+01 6.583316728434147613e+00
1.207813999999999943e+01 6.593691661430566953e+00
1.258924999999999983e+01 6.479010166395022807e+00
1.312199999999999989e+01 6.237706202589535565e+00
1.367728999999999928e+01 6.337215510063305857e+00
1.425608000000000075e+01 6.276652889431096227e+00
1.485936000000000057e+01 6.299222442207115691e+00
1.548817000000000021e+01 6.332890962668250801e+00
1.614358999999999966e+01 6.224919206240170588e+00
1.682674000000000092e+01 5.888241161893452258e+00
1.753881000000000157e+01 5.852137078231749001e+00
1.828099999999999881e+01 5.807752508332113095e+00
1.905461000000000027e+01 5.705787241883644612e+00
1.986094999999999899e+01 5.698268364898366301e+00
2.070140999999999920e+01 6.011577559584148744e+00
2.157743999999999929e+01 5.912844063487477264e+00
2.249054999999999893e+01 5.922781046940031047e+00
2.344228999999999985e+01 5.710899244855760948e+00
2.443430999999999997e+01 5.631169466614714736e+00
2.546829999999999927e+01 5.871043780638416365e+00
2.654606000000000066e+01 5.635336929059697297e+00
2.766941999999999879e+01 5.517378936706340831e+00
2.884031999999999840e+01 5.601921698360393442e+00
3.006075999999999837e+01 5.595053894131972960e+00
3.133286000000000016e+01 5.636139884373815967e+00
3.265878000000000014e+01 5.985651416168139782e+00
3.404081999999999653e+01 6.284161190685733089e+00
3.548134000000000299e+01 6.192721955038403614e+00
3.698281999999999670e+01 5.967006629656491867e+00
3.854784000000000077e+01 6.067283451925265858e+00
4.017907999999999902e+01 6.047000071666147392e+00
4.187935999999999837e+01 6.174114115581122775e+00
4.365158000000000271e+01 5.977519064781654734e+00
4.549880999999999887e+01 6.022239349041880629e+00
4.742419999999999902e+01 6.023106520658538798e+00
4.943106999999999829e+01 6.514485022159103522e+00
5.152286000000000143e+01 6.045198395272758596e+00
5.370318000000000325e+01 5.721621296608809359e+00
5.597576000000000107e+01 5.702460432056586370e+00
5.834450999999999965e+01 5.479604666965933291e+00
6.081349999999999767e+01 5.392731653105562017e+00
6.338696999999999804e+01 5.666050115129546150e+00
6.606933999999999685e+01 5.719680039144052763e+00
6.886522999999999683e+01 5.907853401314127950e+00
7.177943000000000495e+01 6.261581120206884954e+00
7.481695000000000562e+01 5.816761884304888497e+00
7.798300999999999306e+01 6.015461697309937072e+00
8.128305000000000291e+01 5.568017166735859114e+00
8.472274000000000171e+01 5.956045349758058549e+00
8.830799000000000376e+01 6.251224015012051716e+00
9.204496000000000322e+01 6.706118311745748350e+00
9.594006000000000256e+01 6.312802920697337505e+00
1.000000000000000000e+02 5.912610493226531538e+00
1.042317000000000036e+02 6.021538213340383194e+00
1.086426000000000016e+02 6.601238753190569852e+00
1.132399999999999949e+02 6.052103836009646187e+00
1.180320999999999998e+02 5.685088729368399818e+00
1.230268999999999977e+02 6.002143516874071771e+00
1.282331000000000074e+02 6.189166423288252616e+00
1.336596000000000117e+02 5.932345552194663085e+00
1.393156999999999925e+02 5.995957712475625812e+00
1.452111999999999910e+02 5.859882707182316075e+00
1.513560999999999979e+02 6.067390789764786518e+00
1.577610999999999990e+02 5.459509303870750507e+00
1.644371999999999900e+02 6.033358978051950317e+00
1.713957000000000050e+02 5.931658472539674598e+00
1.786487999999999943e+02 5.672492290319011587e+00
1.862086999999999932e+02 5.981027668652883378e+00
1.940886000000000138e+02 6.362288139362990869e+00
2.023018999999999892e+02 6.254065826930981231e+00
2.108627999999999929e+02 6.520155215603050003e+00
2.197860000000000014e+02 6.923689718793392345e+00
2.290868000000000109e+02 7.236402335024192389e+00
2.387811000000000092e+02 6.611162466679964211e+00
2.488857000000000141e+02 6.961351167091874181e+00
2.594178999999999746e+02 6.398315256140186591e+00
2.703958000000000084e+02 6.005855678423725585e+00
2.818383000000000038e+02 5.576728341299832081e+00
2.937649999999999864e+02 6.246361513171788005e+00
3.061963000000000079e+02 6.607489301549057892e+00
3.191537999999999897e+02 6.058771249705081630e+00
3.326596000000000117e+02 6.544734546851910473e+00
3.467368999999999915e+02 6.322125271419271719e+00
3.614098999999999933e+02 6.705259573331522560e+00
3.767038000000000011e+02 6.660686578144474623e+00
3.926449000000000069e+02 7.138494396298444400e+00
4.092606999999999857e+02 6.084973637265885138e+00
4.265794999999999959e+02 6.173574159095850611e+00
4.446313000000000102e+02 6.344242983844559980e+00
4.634469000000000278e+02 6.703894493640849994e+00
4.830588000000000193e+02 6.841574147115493609e+00
5.035006000000000199e+02 6.248291937019692988e+00
5.248075000000000045e+02 5.906671319055965874e+00
5.470159999999999627e+02 7.488748742076807297e+00
5.701643000000000256e+02 7.236917871516005185e+00
5.942921999999999798e+02 6.581180430632320721e+00
6.194411000000000058e+02 6.462450673959107661e+00
6.456541999999999462e+02 6.207832656647090275e+00
6.729767000000000507e+02 6.389337897805062561e+00
7.014552999999999656e+02 6.570896797290736835e+00
7.311390999999999849e+02 6.507071748613904028e+00
7.620789999999999509e+02 6.221197086737622506e+00
7.943282000000000380e+02 6.990955493761517481e+00
8.279421999999999571e+02 6.434152111319686007e+00
8.629785000000000537e+02 7.308317017838476204e+00
8.994976000000000340e+02 7.539229718886299558e+00
9.375620000000000118e+02 6.582365130911437490e+00
9.772372000000000298e+02 6.434910226707180492e+00
1.018591000000000008e+03 8.080887970131554354e+00
1.061695999999999913e+03 6.921657359788890851e+00
1.106624000000000024e+03 7.016262196273920004e+00
1.153452999999999975e+03 6.903818576120757555e+00
1.202263999999999896e+03 7.756225523607257699e+00
1.253141000000000076e+03 7.360362208623570268e+00
1.306171000000000049e+03 7.359653003368364921e+00
1.361444999999999936e+03 7.132910325778209604e+00
1.419057999999999993e+03 8.281975414639680011e+00
1.479107999999999947e+03 7.859590566570670234e+00
1.541700000000000045e+03 7.943860323348252983e+00
1.606941000000000031e+03 7.603131509880765471e+00
1.674942999999999984e+03 7.502848286904554520e+00
1.745821999999999889e+03 7.505852526612093456e+00
1.819701000000000022e+03 8.770330131544316288e+00
1.896705999999999904e+03 7.348334511404891245e+00
1.976970000000000027e+03 7.312957019528171010e+00
2.060630000000000109e+03 7.785372269034032122e+00
2.147829999999999927e+03 8.081436359262230695e+00
2.238721000000000004e+03 8.004725608420509175e+00
2.333458000000000084e+03 8.064058539752716470e+00
2.432204000000000178e+03 8.345579657190940637e+00
2.535128999999999905e+03 8.977737849531788328e+00
2.642409000000000106e+03 7.678203620780402083e+00
2.754228999999999814e+03 8.614203687936413445e+00
2.870780999999999949e+03 8.781715555381969907e+00
2.992264999999999873e+03 8.599084455997054732e+00
3.118889999999999873e+03 9.208613167446031866e+00
3.250873000000000047e+03 9.464632807838960105e+00
3.388442000000000007e+03 9.566050451555375034e+00
3.531831999999999880e+03 9.414655790308264827e+00
3.681289999999999964e+03 8.836577907979945579e+00
3.837072000000000116e+03 9.653136521351513011e+00
3.999447000000000116e+03 8.804649772047492107e+00
4.168694000000000415e+03 9.354243105319515195e+00
4.345101999999999862e+03 1.052701717528100644e+01
4.528975999999999658e+03 9.607662642558839394e+00
4.720630000000000109e+03 1.003510105002777664e+01
4.920395000000000437e+03 9.520919371494482419e+00
5.128613999999999578e+03 1.146164528079126654e+01
5.345644000000000233e+03 1.027502228320638800e+01
5.571856999999999971e+03 9.462928329738382160e+00
5.807644000000000233e+03 1.145491775565618475e+01
6.053408999999999651e+03 1.196613505674490696e+01
6.309573000000000320e+03 1.011420066965210651e+01
6.576578000000000429e+03 1.027320689673934240e+01
6.854881999999999607e+03 1.258416046936988586e+01
7.144962999999999738e+03 1.125427250855391392e+01
7.447319999999999709e+03 1.167170171791606315e+01
7.762470999999999549e+03 1.216993593855070799e+01
8.090958999999999833e+03 1.159602654683042999e+01
8.433347999999999956e+03 1.324587762578410910e+01
8.790225000000000364e+03 1.148160326347281845e+01
9.162204999999999927e+03 1.241274573380550095e+01
9.549925999999999476e+03 1.374452848531668536e+01
9.954054000000000087e+03 1.198387227067791905e+01
1.037528000000000065e+04 1.285634071206065876e+01
1.081434000000000015e+04 1.238705696148379509e+01
1.127196999999999935e+04 1.324985649569159918e+01
1.174897999999999956e+04 1.382364123849504267e+01
1.224615999999999985e+04 1.216202264358261864e+01
1.276438999999999942e+04 1.209286192280524119e+01
1.330454000000000087e+04 1.453873674733459254e+01
1.386755999999999949e+04 1.451965862732195411e+01
1.445439999999999964e+04 1.377032988844828942e+01
1.506606999999999971e+04 1.290269151533724035e+01
1.570362999999999920e+04 1.392789726834751818e+01
1.636817000000000007e+04 1.556353293220877632e+01
1.706081999999999971e+04 1.429435105467273814e+01
1.778279000000000087e+04 1.763619271531035437e+01
1.853531999999999971e+04 1.540415249577942980e+01
1.931968000000000029e+04 1.676854680506362527e+01
2.013724000000000160e+04 1.616959031968167437e+01
2.098940000000000146e+04 1.705660752441902872e+01
2.187761999999999898e+04 1.583132360419419982e+01
2.280341999999999825e+04 1.973660383729524526e+01
2.376840000000000146e+04 1.604438444657126084e+01
2.477422000000000116e+04 1.561477074405193477e+01
2.582259999999999854e+04 1.734370038061563690e+01
2.691534999999999854e+04 1.614758566127176920e+01
2.805434000000000015e+04 1.760281008931470126e+01
2.924152000000000044e+04 1.697627970498345107e+01
3.047895000000000073e+04 1.709291482581186727e+01
3.176874000000000160e+04 1.922512877143414300e+01
3.311311000000000058e+04 1.835429353151636533e+01
3.451437000000000262e+04 1.847472563244075161e+01
3.597493000000000029e+04 2.037332907654925762e+01
3.749730000000000291e+04 1.885412242840993713e+01
3.908408999999999651e+04 2.081311024589654934e+01
4.073802999999999884e+04 2.159128060368075808e+01
4.246195999999999913e+04 2.092308118843555320e+01
4.425883999999999651e+04 1.974116268450444167e+01
4.613176000000000204e+04 2.159706561444208717e+01
4.808393000000000029e+04 2.169098570716561625e+01
5.011872000000000116e+04 2.648165536952876309e+01
5.223962000000000262e+04 2.388097776184626753e+01
5.445026999999999680e+04 2.186522440693952518e+01
5.675445999999999913e+04 2.371757414423192500e+01
5.915616000000000349e+04 2.629959854941841257e+01
6.165950000000000000e+04 2.623613053848587384e+01
6.426876999999999680e+04 2.539483326266978125e+01
6.698846000000000640e+04 2.366229441914866527e+01
6.982324000000000524e+04 2.557567106080633934e+01
7.277797999999999593e+04 2.683527572394083549e+01
7.585775999999999476e+04 2.702244409121492907e+01
7.906786000000000058e+04 2.723897196443666502e+01
8.241380999999999767e+04 3.079221484033975287e+01
8.590135000000000582e+04 2.784179940240298379e+01
8.953647999999999593e+04 2.739362135994208813e+01
9.332542999999999302e+04 3.536921803318759316e+01
9.727472000000000116e+04 3.150023246789752207e+01
1.013911000000000058e+05 2.785762179058229293e+01
1.056818000000000029e+05 3.017743931792357159e+01
1.101538999999999942e+05 3.446014063776882352e+01
1.148153999999999942e+05 3.362508202003453306e+01
1.196741000000000058e+05 3.171284769924140434e+01
1.247383999999999942e+05 3.430890385975909140e+01
1.300170000000000000e+05 3.289648260737582319e+01
1.355188999999999942e+05 3.500933411573327447e+01
1.412537999999999884e+05 3.611254087337233187e+01
1.472312999999999884e+05 3.763682988080569913e+01
1.534617000000000116e+05 3.773301152066937192e+01
1.599557999999999884e+05 3.836733026024060678e+01
1.667247000000000116e+05 4.144073512962654604e+01
1.737801000000000058e+05 3.819114003013354619e+01
1.811340000000000000e+05 4.170430300469332252e+01
1.887991000000000058e+05 4.566037096883090385e+01
1.967886000000000058e+05 4.315944319917846173e+01
2.051162000000000116e+05 3.636297067234104929e+01
2.137962000000000116e+05 4.511286772969776138e+01
2.228435000000000000e+05 4.766078763566286369e+01
2.322737000000000116e+05 4.805237584472095591e+01
2.421028999999999942e+05 5.274555784178788542e+01
2.523481000000000058e+05 4.743459849696218100e+01
2.630267999999999884e+05 5.627798984122151182e+01
2.741574000000000233e+05 5.386042644739705310e+01
2.857590999999999767e+05 5.725643535608566026e+01
2.978515999999999767e+05 5.184503274385349414e+01
3.104560000000000000e+05 6.047431918032847165e+01
3.235937000000000116e+05 4.764328911893622376e+01
3.372872999999999884e+05 6.558300656355292801e+01
3.515604000000000233e+05 5.532500152146309347e+01
3.664375999999999767e+05 6.494893207010882463e+01
3.819442999999999884e+05 7.076180537739656984e+01
3.981072000000000116e+05 6.335108049442160194e+01
4.149540000000000000e+05 6.830002514373788358e+01
4.325137999999999884e+05 7.210545714643154724e+01
4.508167000000000116e+05 7.046659690803265619e+01
4.698940999999999767e+05 8.057836801179772124e+01
4.897787999999999884e+05 7.471925431974885612e+01
5.105050000000000000e+05 8.343654148304635498e+01
5.321083000000000466e+05 8.664903893841808724e+01
5.546256999999999534e+05 8.062542521471017665e+01
5.780960000000000000e+05 9.008360748436645338e+01
6.025595999999999767e+05 8.568328769309557913e+01
6.280584000000000233e+05 9.728419897059292509e+01
6.546361999999999534e+05 9.370547879726588292e+01
6.823386999999999534e+05 9.917647529880655100e+01
7.112135000000000000e+05 1.042957192731323346e+02
7.413101999999999534e+05 1.063376362271211235e+02
7.726805999999999767e+05 1.013115637985749373e+02
8.053784000000000233e+05 1.070426080960209845e+02
8.394600000000000000e+05 1.007307704009332667e+02
8.749838000000000466e+05 1.095952900458673867e+02
9.120108000000000466e+05 1.269164851055022183e+02
9.506048000000000466e+05 1.187006385546098386e+02
9.908319000000000233e+05 1.472076077977804118e+02
1.032761000000000000e+06 1.341202115351716486e+02
1.076465000000000000e+06 1.387480130135095351e+02
1.122018000000000000e+06 1.650187496303886405e+02
1.169499000000000000e+06 1.650078916961404332e+02
1.218990000000000000e+06 1.720620138050447281e+02
1.270574000000000000e+06 1.483924312299336066e+02
1.324342000000000000e+06 1.736035080690818120e+02
1.380384000000000000e+06 1.985012142369580204e+02
1.438799000000000000e+06 1.870909436553401974e+02
1.499685000000000000e+06 1.860906715645780025e+02
1.563148000000000000e+06 1.994221753168705504e+02
1.629296000000000000e+06 2.043272797609912743e+02
1.698244000000000000e+06 2.218431163559591823e+02
1.770109000000000000e+06 2.281358773073584416e+02
1.845015000000000000e+06 2.597579573037555178e+02
1.923092000000000000e+06 2.447064504024857001e+02
2.004472000000000000e+06 2.664295165554216851e+02
2.089296000000000000e+06 2.219630058985305538e+02
2.177710000000000000e+06 2.797644462685920530e+02
2.269865000000000000e+06 3.437182079353925701e+02
2.365920000000000000e+06 3.310437976624244243e+02
2.466039000000000000e+06 2.970148674138364981e+02
2.570396000000000000e+06 3.572672262348521031e+02
2.679168000000000000e+06 3.435239007254275521e+02
2.792544000000000000e+06 3.637182000741377692e+02
2.910717000000000000e+06 3.872238886131463573e+02
3.033891000000000000e+06 4.523166420152611522e+02
3.162278000000000000e+06 4.194993591329790661e+02
3.296097000000000000e+06 5.421936162471614580e+02
3.435579000000000000e+06 5.184192116054507551e+02
3.580964000000000000e+06 4.635584597421501485e+02
3.732502000000000000e+06 5.112318973980578676e+02
3.890451000000000000e+06 5.394752617995496848e+02
4.055085000000000000e+06 5.638562339776989347e+02
4.226686000000000000e+06 5.839574818487360517e+02
4.405549000000000000e+06 5.997020140949712186e+02
4.591980000000000000e+06 6.479409406507245421e+02
4.786301000000000000e+06 6.611592643785753580e+02
4.988845000000000000e+06 6.774227955742728682e+02
5.199960000000000000e+06 6.581076910027857139e+02
5.420009000000000000e+06 8.872585466953587456e+02
5.649370000000000000e+06 8.338744325363638836e+02
5.888437000000000000e+06 9.126063984210121589e+02
6.137620000000000000e+06 9.583918502907174570e+02
6.397348000000000000e+06 1.036747835051172615e+03
6.668068000000000000e+06 1.032492355202412682e+03
6.950243000000000000e+06 1.156295928963391589e+03
7.244360000000000000e+06 1.113192719564141271e+03
7.550922000000000000e+06 1.122972109246896707e+03
7.870458000000000000e+06 1.269273727921122145e+03
8.203515000000000000e+06 1.495427541553708807e+03
8.550667000000000000e+06 1.412430055590375787e+03
8.912509000000000000e+06 1.348389271863820113e+03
9.289664000000000000e+06 1.617884300579492901e+03
9.682779000000000000e+06 1.768829604419674752e+03
1.009253000000000000e+07 1.761637055684914685e+03
1.051962000000000000e+07 2.200548034513374205e+03
1.096478000000000000e+07 2.169480201550204129e+03
1.142878000000000000e+07 2.435836582959801490e+03
1.191242000000000000e+07 2.397799575435048155e+03
1.241652000000000000e+07 2.573351165659465551e+03
1.294196000000000000e+07 2.294464865138160803e+03
1.348963000000000000e+07 2.974495880654425946e+03
1.406048000000000000e+07 3.214188948863101814e+03
1.465548000000000000e+07 3.621792977020948001e+03
1.527566000000000000e+07 3.085117819307509762e+03
1.592209000000000000e+07 3.697780898804160188e+03
1.659587000000000000e+07 3.774911737678243298e+03
1.729816000000000000e+07 4.062631970952646498e+03
1.803018000000000000e+07 4.207506435442618567e+03
1.879317000000000000e+07 4.579647356697404575e+03
1.958845000000000000e+07 5.041004490235040066e+03
2.041738000000000000e+07 5.221086080897777720e+03
2.128139000000000000e+07 6.552877896982083257e+03
2.218196000000000000e+07 5.783529263171886669e+03
2.312065000000000000e+07 6.478899823808486872e+03
2.409905000000000000e+07 8.018642677822242149e+03
2.511886000000000000e+07 7.988814901855093012e+03
2.618183000000000000e+07 7.249468173271339765e+03
2.728978000000000000e+07 8.726476388489159945e+03
2.844461000000000000e+07 8.557449903986596837e+03
2.964831000000000000e+07 1.036768887178038131e+04
3.090295000000000000e+07 9.965931422550112984e+03
3.221069000000000000e+07 1.277677466536853171e+04
3.357376000000000000e+07 1.184941370393351099e+04
3.499452000000000000e+07 1.246340057852638529e+04
3.647539000000000000e+07 1.496183350872690971e+04
3.801894000000000000e+07 1.333708417212791755e+04
3.962780000000000000e+07 1.567080950082329036e+04
4.130475000000000000e+07 1.636777894223698968e+04
4.305266000000000000e+07 1.863651866275808788e+04
4.487454000000000000e+07 1.969542062319760589e+04
4.677351000000000000e+07 2.029248789622796176e+04
4.875285000000000000e+07 2.084265856409598928e+04
5.081594000000000000e+07 2.337790089275916034e+04
5.296634000000000000e+07 2.492617428957965967e+04
5.520774000000000000e+07 2.605912948439329557e+04
5.754399000000000000e+07 2.744934882829524577e+04
5.997911000000000000e+07 2.902085977159654431e+04
6.251727000000000000e+07 3.334934104463987751e+04
6.516284000000000000e+07 3.564920749012286979e+04
6.792036000000000000e+07 3.521250650172385940e+04
7.079458000000000000e+07 3.774660862874503073e+04
7.379042000000000000e+07 4.160474904542025615e+04
7.691304000000000000e+07 4.344758102224048343e+04
8.016781000000000000e+07 4.894154549015751400e+04
8.356030000000000000e+07 4.586280348963298457e+04
8.709636000000000000e+07 5.335290908565444261e+04
9.078205000000000000e+07 5.852804005670010520e+04
9.462372000000000000e+07 5.722022252923658380e+04
9.862795000000000000e+07 7.520666856847508461e+04
1.028016000000000000e+08 6.106415595787636994e+04
1.071519000000000000e+08 7.581879242055950454e+04
1.116863000000000000e+08 7.702331749815445801e+04
1.164126000000000000e+08 8.648595693061494967e+04
1.213389000000000000e+08 9.926164195186112192e+04
1.264736000000000000e+08 1.014575737254399282e+05
1.318257000000000000e+08 1.284348169850070262e+05
1.374042000000000000e+08 1.071429802519572404e+05
1.432188000000000000e+08 1.146216798301769595e+05
1.492794000000000000e+08 1.328594589152677800e+05
1.555966000000000000e+08 1.388528838972515950e+05
1.621810000000000000e+08 1.452873360093412339e+05
1.690441000000000000e+08 1.492547642307919450e+05
1.761976000000000000e+08 1.692065642056624638e+05
1.836538000000000000e+08 1.752191662954965723e+05
1.914256000000000000e+08 1.953066118085801718e+05
1.995262000000000000e+08 2.247555091719730117e+05
2.079697000000000000e+08 2.279524707609408943e+05
2.167704000000000000e+08 2.268051197885284200e+05
2.259436000000000000e+08 2.266212760912746016e+05
2.355049000000000000e+08 2.560088273272859806e+05
2.454709000000000000e+08 2.597775908393395075e+05
2.558586000000000000e+08 3.394239694351443904e+05
2.666859000000000000e+08 3.497068339237184264e+05
2.779713000000000000e+08 3.638567979806871735e+05
2.897344000000000000e+08 3.865721173179624020e+05
3.019952000000000000e+08 4.225826273534051143e+05
3.147748000000000000e+08 4.906035394743516226e+05
3.280953000000000000e+08 4.877334193239830201e+05
3.419794000000000000e+08 5.226102257784146350e+05
3.564511000000000000e+08 5.673834778888331493e+05
3.715352000000000000e+08 5.293663838667826494e+05
3.872576000000000000e+08 6.545136105998785933e+05
4.036454000000000000e+08 6.885102252001658781e+05
4.207266000000000000e+08 6.647147851383098168e+05
4.385307000000000000e+08 6.937965024977532448e+05
4.570882000000000000e+08 9.452903927257308969e+05
4.764310000000000000e+08 7.033178752479872201e+05
4.965923000000000000e+08 1.013396577334137633e+06
5.176068000000000000e+08 9.866935426241445821e+05
5.395106000000000000e+08 1.061802873206187040e+06
5.623413000000000000e+08 1.040202257769465796e+06
5.861382000000000000e+08 1.085871748808408855e+06
6.109420000000000000e+08 1.211324963106030598e+06
6.367955000000000000e+08 1.585897964771716855e+06
6.637431000000000000e+08 1.546971825709116645e+06
6.918310000000000000e+08 1.739468315467301523e+06
7.211075000000000000e+08 1.863279288963977946e+06
7.516229000000000000e+08 1.877166933123921044e+06
7.834296000000000000e+08 2.145256976747826207e+06
8.165824000000000000e+08 1.939921151600304525e+06
8.511380000000000000e+08 2.337039519699586555e+06
8.871560000000000000e+08 2.702842705270527396e+06
9.246982000000000000e+08 2.611961382185869385e+06
9.638290000000000000e+08 2.793079406262162607e+06
1.004616000000000000e+09 2.752153370181884151e+06
1.047129000000000000e+09 3.290770588935859501e+06
1.091440000000000000e+09 4.187952057596981525e+06
1.137627000000000000e+09 3.612765812150478829e+06
1.185769000000000000e+09 4.096576193259373307e+06
1.235947000000000000e+09 4.018147090654597618e+06
1.288250000000000000e+09 4.502003238570037298e+06
1.342765000000000000e+09 5.128702022008300759e+06
1.399587000000000000e+09 5.017084335356749594e+06
1.458814000000000000e+09 5.521972115383290686e+06
1.520548000000000000e+09 5.216611608987214975e+06
1.584893000000000000e+09 6.600167708479396999e+06
1.651962000000000000e+09 6.690053055880801752e+06
1.721869000000000000e+09 6.531794731566632167e+06
1.794734000000000000e+09 7.911271633359772153e+06
1.870682000000000000e+09 7.730091999145646580e+06
1.949845000000000000e+09 8.083938625380571932e+06
2.032357000000000000e+09 8.455468295291168615e+06
2.118361000000000000e+09 9.763855833540540189e+06
2.208005000000000000e+09 1.159007819072393700e+07
2.301442000000000000e+09 1.180178745095340535e+07
2.398833000000000000e+09 1.239222234265779145e+07
2.500345000000000000e+09 1.203822149188119918e+07
2.606154000000000000e+09 1.353653271653297916e+07
2.716439000000000000e+09 1.580567384217419103e+07
2.831392000000000000e+09 1.765203412847217917e+07
2.951209000000000000e+09 1.512367808150236495e+07
3.076097000000000000e+09 1.710877212070925161e+07
3.206269000000000000e+09 1.910183765214392915e+07
3.341950000000000000e+09 2.279590494831449911e+07
3.483373000000000000e+09 2.038861896424036846e+07
3.630781000000000000e+09 2.616144944227377325e+07
3.784426000000000000e+09 2.365638614654663950e+07
3.944573000000000000e+09 2.902147099415347725e+07
4.111497000000000000e+09 3.306536398925775290e+07
4.285485000000000000e+09 3.183065591718070582e+07
4.466836000000000000e+09 3.496352961882156879e+07
4.655861000000000000e+09 4.046158271181227267e+07
4.852885000000000000e+09 3.576871189769335836e+07
5.058247000000000000e+09 4.317929155505309254e+07
5.272299000000000000e+09 4.257144435987575352e+07
5.495409000000000000e+09 4.551514810078283399e+07
5.727960000000000000e+09 5.330146964348186553e+07
5.970353000000000000e+09 5.190422528021336347e+07
6.223003000000000000e+09 6.654353979085487127e+07
6.486344000000000000e+09 4.799482293623034656e+07
6.760830000000000000e+09 6.263682800331056118e+07
7.046931000000000000e+09 7.920510196819563210e+07
7.345139000000000000e+09 7.798527120676371455e+07
7.655966000000000000e+09 7.327733345719139278e+07
7.979947000000000000e+09 8.820181662382276356e+07
8.317638000000000000e+09 9.040027217475874722e+07
8.669619000000000000e+09 1.070878359950492531e+08
9.036495000000000000e+09 1.021149420595171601e+08
9.418896000000000000e+09 1.039048691849673390e+08
9.817479000000000000e+09 1.136025054460027963e+08
1.023293000000000000e+10 1.123340794303802848e+08
1.066596000000000000e+10 1.151446727961924225e+08
1.111732000000000000e+10 1.387963896979024112e+08
1.158777000000000000e+10 1.589950565140334666e+08
1.207814000000000000e+10 1.724449705093847811e+08
1.258925000000000000e+10 1.639496615595164597e+08
1.312200000000000000e+10 1.935753576382857263e+08
1.367729000000000000e+10 1.893504764964996278e+08
1.425608000000000000e+10 2.034815777943122685e+08
1.485936000000000000e+10 2.243586191003898382e+08
1.548817000000000000e+10 2.015854067558028102e+08
1.614359000000000000e+10 2.673841284701228142e+08
1.682674000000000000e+10 2.756762108035123348e+08
1.753881000000000000e+10 2.586896172618309557e+08
1.828100000000000000e+10 3.074823499803322554e+08
1.905461000000000000e+10 3.510928356738365293e+08
1.986095000000000000e+10 3.726541293556252122e+08
2.070141000000000000e+10 4.098802005780495405e+08
2.157744000000000000e+10 4.335942829835342765e+08
2.249055000000000000e+10 4.347244362223208547e+08
2.344229000000000000e+10 4.453787004848070741e+08
2.443431000000000000e+10 4.597301592805209160e+08
2.546830000000000000e+10 5.235398731820973158e+08
2.654606000000000000e+10 6.105149056363334656e+08
2.766942000000000000e+10 7.804363522471148968e+08
2.884032000000000000e+10 5.994111391163254976e+08
3.006076000000000000e+10 7.367182721632124186e+08
3.133286000000000000e+10 6.504114548108041286e+08
3.265878000000000000e+10 7.464814404607274532e+08
3.404082000000000000e+10 1.002560111482604623e+09
3.548134000000000000e+10 8.469349307456719875e+08
3.698282000000000000e+10 9.369376359096943140e+08
3.854784000000000000e+10 1.035851501091766119e+09
4.017908000000000000e+10 1.042926466743013978e+09
4.187936000000000000e+10 1.086010984070471525e+09
4.365158000000000000e+10 1.194600368347976685e+09
4.549881000000000000e+10 1.304734468144741774e+09
4.742420000000000000e+10 1.409160181492612839e+09
4.943107000000000000e+10 1.415886909262664080e+09
5.152286000000000000e+10 1.593358490677043200e+09
5.370318000000000000e+10 1.486274383460335493e+09
5.597576000000000000e+10 1.864765547752753735e+09
5.834451000000000000e+10 1.934154629775712013e+09
6.081350000000000000e+10 1.899050330561997175e+09
6.338697000000000000e+10 2.022258022213279009e+09
6.606934000000000000e+10 2.275218798971764088e+09
6.886523000000000000e+10 2.694117562749007225e+09
7.177943000000000000e+10 2.654253254463394642e+09
7.481695000000000000e+10 2.986372654299884796e+09
7.798301000000000000e+10 3.324513789194340706e+09
8.128305000000000000e+10 3.325031449029421329e+09
8.472274000000000000e+10 3.835111888225768089e+09
8.830799000000000000e+10 3.309024454964473248e+09
9.204496000000000000e+10 3.408803663651119232e+09
9.594006000000000000e+10 4.016297398560495853e+09
